621.500	-57	-3
621.600	22	-1
621.700	52	4
621.800	11	4
621.900	-16	1
622.000	-28	-2
622.100	-54	-7
622.200	-13	-8
622.300	-23	-9
622.400	-42	-12
622.500	14	-10
622.600	56	-3
622.700	92	6
622.800	12	6
622.900	8	6
623.000	3	5
623.100	7	5
623.200	14	5
623.300	93	13
623.400	215	32
623.500	78	37
623.600	40	37
623.700	49	38
623.800	60	40
623.900	61	42
624.000	23	40
624.100	31	39
624.200	4	35
624.300	-27	28
624.400	31	28
624.500	4	25
624.600	-12	21
624.700	65	26
624.800	53	28
624.900	60	31
625.000	27	31
625.100	-6	27
625.200	66	31
625.300	81	36
625.400	16	34
625.500	3	30
625.600	11	28
625.700	42	29
625.800	58	32
625.900	42	33
626.000	45	34
626.100	19	32
626.200	26	32
626.300	39	33
626.400	40	33
626.500	26	32
626.600	68	36
626.700	74	39
626.800	68	42
626.900	42	42
627.000	15	40
627.100	32	39
627.200	8	36
627.300	13	33
627.400	-51	24
627.500	-46	16
627.600	-3	14
627.700	38	16
627.800	79	22
627.900	39	24
628.000	12	22
628.100	31	23
628.200	49	25
628.300	108	33
628.400	25	32
628.500	26	32
628.600	61	35
628.700	65	38
628.800	23	36
628.900	58	38
629.000	10	35
629.100	34	34
629.200	-12	29
629.300	12	27
629.400	22	26
629.500	-6	22
629.600	8	21
629.700	-7	18
629.800	-18	14
629.900	-55	6
630.000	-9	4
630.100	6	4
630.200	-52	-2
630.300	-95	-12
630.400	-124	-23
630.500	-105	-32
630.600	-56	-35
630.700	26	-29
630.800	-23	-28
630.900	-65	-32
631.000	-32	-32
631.100	-23	-31
631.200	-33	-31
631.300	9	-27
631.400	-22	-27
631.500	-4	-25
631.600	24	-21
631.700	15	-18
631.800	-9	-17
631.900	-27	-19
632.000	-30	-20
632.100	46	-13
632.200	58	-6
632.300	56	0
632.400	19	2
632.500	-54	-3
632.600	8	-2
632.700	39	2
632.800	46	7
632.900	53	11
633.000	69	17
633.100	49	20
633.200	58	24
633.300	70	28
633.400	47	30
633.500	36	31
633.600	17	30
633.700	-23	25
633.800	-49	17
633.900	10	16
634.000	55	20
634.100	84	26
634.200	4	23
634.300	-8	19
634.400	-7	16
634.500	27	17
634.600	27	18
634.700	30	19
634.800	35	20
634.900	30	21
635.000	-22	17
635.100	-34	12
635.200	-17	9
635.300	-17	6
635.400	11	6
635.500	5	6
635.600	44	9
635.700	-5	8
635.800	9	8
635.900	-26	4
636.000	-20	1
636.100	-29	-2
636.200	17	0
636.300	-14	-1
636.400	26	2
636.500	-38	-2
636.600	-23	-4
636.700	-32	-7
636.800	-89	-16
636.900	-118	-27
637.000	-66	-32
637.100	-76	-37
637.200	-64	-40
637.300	-50	-41
637.400	-39	-41
637.500	-68	-44
637.600	-84	-48
637.700	-66	-50
637.800	-27	-48
637.900	-116	-55
638.000	-82	-58
638.100	-54	-57
638.200	-28	-55
638.300	-13	-51
638.400	55	-40
638.500	-32	-39
638.600	-67	-42
638.700	-89	-47
638.800	-17	-45
638.900	-59	-47
639.000	-57	-49
639.100	-17	-46
639.200	15	-40
639.300	-17	-38
639.400	-48	-39
639.500	-32	-38
639.600	-9	-35
639.700	-46	-37
639.800	-31	-37
639.900	-35	-38
640.000	-7	-35
640.100	-50	-37
640.200	-64	-40
640.300	-28	-39
640.400	-14	-36
640.500	-41	-37
640.600	-48	-39
640.700	-14	-36
640.800	10	-32
640.900	-86	-38
641.000	-20	-36
641.100	-32	-36
641.200	-89	-42
641.300	-41	-42
641.400	-64	-44
641.500	-59	-46
641.600	-24	-44
641.700	-60	-46
641.800	-92	-51
641.900	-68	-53
642.000	-89	-57
642.100	-87	-61
642.200	-49	-60
642.300	-23	-56
642.400	-44	-55
642.500	-24	-52
642.600	-58	-53
642.700	-59	-54
642.800	-95	-58
642.900	-63	-58
643.000	6	-51
643.100	-10	-47
643.200	-20	-45
643.300	44	-37
643.400	-26	-37
643.500	-102	-44
643.600	-56	-46
643.700	-59	-48
643.800	-84	-51
643.900	-84	-54
644.000	-61	-55
644.100	-33	-53
644.200	-4	-48
644.300	-98	-53
644.400	-149	-63
644.500	-88	-66
644.600	-50	-65
644.700	-23	-61
644.800	-101	-65
644.900	-89	-68
645.000	-100	-71
645.100	-47	-69
645.200	-22	-64
645.300	-20	-60
645.400	-118	-66
645.500	-150	-75
645.600	-49	-73
645.700	-82	-74
645.800	-80	-75
645.900	-128	-81
646.000	-85	-82
646.100	-85	-82
646.200	-96	-84
646.300	-53	-81
646.400	-35	-76
646.500	-100	-79
646.600	-88	-80
646.700	-61	-78
646.800	-79	-78
646.900	-93	-79
647.000	-40	-75
647.100	-2	-68
647.200	14	-60
647.300	-11	-55
647.400	-51	-55
647.500	-119	-62
647.600	-143	-70
647.700	-148	-78
647.800	-161	-86
647.900	-173	-95
648.000	-150	-101
648.100	-103	-101
648.200	-135	-104
648.300	-132	-107
648.400	-82	-105
648.500	-83	-103
648.600	-125	-106
648.700	-59	-102
648.800	-23	-94
648.900	-71	-92
649.000	-87	-92
649.100	-97	-93
649.200	-153	-99
649.300	-205	-110
649.400	-123	-111
649.500	-116	-112
649.600	-159	-117
649.700	-194	-125
649.800	-226	-136
649.900	-248	-148
650.000	-205	-154
650.100	-163	-155
650.200	-191	-159
650.300	-124	-155
650.400	-129	-153
650.500	-121	-150
650.600	-136	-149
650.700	-67	-141
650.800	-28	-130
650.900	-118	-129
651.000	-166	-133
651.100	-79	-128
651.200	-101	-125
651.300	-160	-129
651.400	-161	-132
651.500	-161	-135
651.600	-120	-134
651.700	-126	-134
651.800	-173	-138
651.900	-127	-137
652.000	-119	-136
652.100	-110	-134
652.200	-93	-130
652.300	-91	-126
652.400	-117	-126
652.500	-60	-120
652.600	-27	-111
652.700	-49	-105
652.800	-26	-98
652.900	-59	-94
653.000	-14	-86
653.100	7	-77
653.200	-30	-73
653.300	-39	-70
653.400	-46	-68
653.500	-33	-64
653.600	-44	-62
653.700	-88	-65
653.800	-42	-63
653.900	-58	-63
654.000	-63	-63
654.100	-62	-63
654.200	-48	-62
654.300	-34	-59
654.400	11	-52
654.500	64	-41
654.600	79	-29
654.700	8	-25
654.800	9	-22
654.900	49	-15
655.000	36	-10
655.100	-23	-11
655.200	-41	-14
655.300	-75	-20
655.400	-66	-25
655.500	-45	-28
655.600	-47	-30
655.700	-88	-36
655.800	-57	-39
655.900	-43	-39
656.000	-14	-36
656.100	-67	-40
656.200	-80	-44
656.300	-18	-42
656.400	-7	-39
656.500	-65	-42
656.600	-73	-45
656.700	-62	-47
656.800	-25	-46
656.900	-16	-44
657.000	59	-34
657.100	54	-26
657.200	23	-22
657.300	36	-16
657.400	-23	-17
657.500	-32	-19
657.600	6	-16
657.700	1	-15
657.800	30	-11
657.900	49	-5
658.000	77	3
658.100	49	7
658.200	110	17
658.300	58	21
