780.300	-215	-8
780.400	-149	-22
780.500	182	-2
780.600	-123	-15
780.700	-163	-30
780.800	90	-18
780.900	137	-3
781.000	-119	-15
781.100	-75	-21
781.200	193	0
781.300	-109	-11
781.400	-15	-12
781.500	175	6
781.600	120	18
781.700	-130	3
781.800	-16	1
781.900	332	34
782.000	-166	14
782.100	-56	7
782.200	445	50
782.300	351	80
782.400	-256	46
782.500	-340	8
782.600	180	25
782.700	361	59
782.800	-420	11
782.900	55	15
783.000	489	62
783.100	136	69
783.200	-341	28
783.300	-95	15
783.400	372	51
783.500	-287	17
783.600	-279	-13
783.700	303	18
783.800	406	56
783.900	-111	40
784.000	-255	10
784.100	197	28
784.200	384	63
784.300	-199	37
784.400	121	45
784.500	304	71
784.600	72	71
784.700	-108	53
784.800	76	55
784.900	274	77
785.000	55	74
785.100	12	68
785.200	157	76
785.300	-4	68
785.400	-143	46
785.500	75	49
785.600	176	61
785.700	-107	44
785.800	145	54
785.900	274	76
786.000	-105	58
786.100	-356	16
786.200	-21	12
786.300	369	48
786.400	70	50
786.500	-363	8
786.600	415	48
786.700	231	66
786.800	-327	27
786.900	-244	-1
787.000	347	33
787.100	413	71
787.200	-162	47
787.300	132	55
787.400	324	82
787.500	-68	67
787.600	-325	27
787.700	50	29
787.800	392	65
787.900	103	69
788.000	-233	38
788.100	302	64
788.200	188	76
788.300	-107	58
788.400	-57	46
788.500	209	62
788.600	173	73
788.700	-62	59
788.800	149	68
788.900	40	65
789.000	-116	47
789.100	8	42
789.200	173	55
789.300	67	56
789.400	-127	38
789.500	11	35
789.600	144	46
789.700	-176	24
789.800	-39	18
789.900	279	44
790.000	124	52
790.100	-339	13
790.200	-230	-11
790.300	220	12
790.400	-255	-15
790.500	-352	-49
790.600	176	-27
790.700	349	10
790.800	-108	-2
790.900	-414	-44
791.000	50	-34
791.100	17	-29
791.200	-376	-64
791.300	-149	-72
791.400	299	-36
791.500	184	-14
791.600	-226	-35
791.700	-150	-46
791.800	265	-15
791.900	-133	-27
792.000	-223	-47
792.100	175	-25
792.200	239	2
792.300	-1	2
792.400	-120	-10
792.500	53	-4
792.600	58	2
792.700	-36	-2
792.800	50	3
792.900	58	8
793.000	-21	4
793.100	46	8
793.200	277	34
793.300	147	45
793.400	-90	32
793.500	201	49
793.600	252	69
793.700	-78	54
793.800	-121	36
793.900	269	60
794.000	422	96
794.100	-6	86
794.200	173	95
794.300	464	132
794.400	65	125
794.500	-349	78
794.600	-29	67
794.700	437	103
794.800	214	114
794.900	-127	90
795.000	356	116
795.100	376	142
795.200	-111	116
795.300	-239	81
795.400	192	92
795.500	424	125
795.600	-10	112
795.700	72	108
795.800	336	130
795.900	32	120
796.000	-196	88
796.100	4	79
796.200	183	89
796.300	82	88
796.400	5	79
796.500	116	82
796.600	84	82
796.700	-12	72
796.800	85	73
796.900	146	80
797.000	64	78
797.100	-50	65
797.200	174	76
797.300	44	73
797.400	-125	53
797.500	35	51
797.600	244	70
797.700	-49	58
797.800	-309	21
797.900	300	49
798.000	134	57
798.100	-231	28
798.200	-193	5
798.300	281	33
798.400	265	56
798.500	-214	29
798.600	-241	2
798.700	323	34
798.800	-81	22
798.900	-311	-12
799.000	16	-10
799.100	334	24
799.200	121	34
799.300	-265	4
799.400	-129	-9
799.500	163	8
799.600	-214	-15
799.700	-177	-31
799.800	110	-17
799.900	170	2
800.000	-101	-8
800.100	-121	-20
800.200	142	-4
800.300	-54	-9
800.400	-100	-18
800.500	58	-11
800.600	93	-1
800.700	-85	-10
800.800	-53	-15
800.900	71	-6
801.000	-156	-21
801.100	-98	-29
801.200	184	-8
801.300	165	9
801.400	-152	-8
801.500	-115	-19
801.600	236	6
801.700	-149	-9
801.800	-191	-28
801.900	188	-7
802.000	269	20
802.100	-138	4
802.200	-265	-23
802.300	81	-13
802.400	360	24
802.500	-407	-19
802.600	-145	-32
802.700	286	-1
802.800	123	11
802.900	-313	-22
803.000	-200	-40
803.100	257	-11
803.200	-193	-30
803.300	-291	-56
803.400	110	-39
803.500	244	-11
803.600	-102	-21
803.700	-315	-51
803.800	-57	-52
803.900	139	-34
804.000	-147	-45
804.100	-59	-46
804.200	64	-35
804.300	1	-31
804.400	-95	-38
804.500	-68	-41
804.600	1	-37
804.700	-23	-36
804.800	45	-28
804.900	50	-20
805.000	-99	-28
805.100	-157	-41
805.200	27	-35
805.300	143	-17
805.400	-90	-24
805.500	8	-21
805.600	262	7
805.700	-29	3
805.800	-285	-26
805.900	-20	-25
806.000	317	9
806.100	136	21
806.200	-225	-4
806.300	269	24
806.400	223	44
806.500	-178	22
806.600	-270	-7
806.700	93	3
806.800	209	24
806.900	-112	10
807.000	-24	6
807.100	248	30
807.200	39	30
807.300	-259	1
807.400	-100	-9
807.500	172	9
807.600	133	21
807.700	-94	9
807.800	52	13
807.900	63	18
808.000	-62	9
808.100	-85	-1
808.200	24	1
808.300	13	2
808.400	-40	-2
808.500	-21	-4
808.600	-56	-9
808.700	-25	-11
808.800	63	-4
808.900	132	10
809.000	4	9
809.100	-71	0
809.200	83	8
809.300	97	16
809.400	-133	1
809.500	-24	-2
809.600	238	21
809.700	180	37
809.800	-172	15
809.900	-169	-3
810.000	164	13
810.100	-67	5
810.200	-266	-22
810.300	51	-15
810.400	290	16
810.500	29	18
810.600	-302	-15
810.700	-115	-25
810.800	111	-11
810.900	-198	-30
811.000	-147	-42
811.100	162	-22
811.200	121	-8
811.300	-165	-24
811.400	-146	-36
811.500	90	-23
811.600	6	-21
811.700	-114	-31
811.800	-6	-29
811.900	98	-17
812.000	-16	-17
812.100	-77	-23
812.200	-92	-31
812.300	-2	-29
812.400	-25	-29
812.500	44	-22
812.600	-9	-21
812.700	-71	-26
812.800	-19	-25
812.900	95	-13
813.000	56	-7
813.100	-74	-14
813.200	156	3
813.300	99	12
813.400	-176	-7
813.500	-180	-24
813.600	125	-9
813.700	200	12
813.800	-65	4
813.900	-15	2
814.000	176	19
814.100	35	20
814.200	-285	-11
814.300	-198	-30
814.400	179	-10
814.500	176	8
814.600	-247	-18
814.700	113	-5
814.800	213	17
814.900	-91	6
815.000	-197	-14
815.100	22	-10
815.200	220	13
815.300	26	14
815.400	-121	0
815.500	114	11
815.600	109	20
815.700	-120	6
815.800	-161	-10
815.900	69	-2
816.000	130	11
816.100	-69	3
816.200	-8	2
816.300	-20	0
816.400	-71	-8
816.500	-24	-10
816.600	14	-8
816.700	-40	-11
816.800	-134	-24
816.900	98	-12
817.000	-11	-12
817.100	-226	-34
817.200	3	-30
817.300	253	-2
817.400	98	7
817.500	-165	-11
817.600	-94	-20
817.700	168	-2
