4438.000	255	2934
4438.100	-1779	2463
4438.200	-1503	2066
4438.300	944	1953
4438.400	6710	2429
4438.500	7022	2888
4438.600	4998	3099
4438.700	1769	2966
4438.800	-962	2573
4438.900	-1931	2123
4439.000	-517	1859
4439.100	5628	2236
4439.200	7161	2728
4439.300	6304	3085
4439.400	3542	3130
4439.500	416	2858
4439.600	-1660	2406
4439.700	-1425	2022
4439.800	890	1909
4439.900	6706	2388
4440.000	6890	2838
4440.100	4879	3042
4440.200	1657	2904
4440.300	-1091	2505
4440.400	-1929	2061
4440.500	-546	1800
4440.600	3641	364
4440.700	5036	831
4440.800	4196	1167
4440.900	1475	1197
4441.000	-1636	913
4441.100	-3458	476
4441.200	-3182	110
4441.300	-880	11
4441.400	4562	466
4441.500	4947	914
4441.600	3104	1133
4441.700	-43	1016
4441.800	-2652	649
4441.900	-3516	232
4442.000	-2151	-6
4442.100	736	68
4442.200	5067	568
4442.300	4292	940
4442.400	1648	1011
4442.500	-1348	775
4442.600	-3293	368
4442.700	-3063	24
4442.800	-849	-63
4442.900	4433	386
4443.000	4866	833
4443.100	3139	1064
4443.200	161	974
4443.300	-2402	637
4443.400	-3315	241
4443.500	-2038	13
4443.600	699	82
4443.700	4834	557
4443.800	4225	923
4443.900	2728	1104
4444.000	8113	1805
4444.100	16047	3228
4444.200	17460	4651
4444.300	15511	5737
4444.400	22611	7424
4444.500	23304	9012
4444.600	19139	10025
4444.700	17905	10812
4444.800	20585	11789
4444.900	22225	12832
4445.000	24596	14008
4445.100	23956	15002
4445.200	13291	14831
4445.300	7257	14074
4445.400	1407	12808
4445.500	-2784	11248
4445.600	-8298	9293
4445.700	-12342	7130
4445.800	-10013	5416
4445.900	-7841	4090
4446.000	-6853	2996
4446.100	-7881	1908
4446.200	-16512	66
4446.300	-22390	-2180
4446.400	-24438	-4406
4446.500	-26551	-6620
4446.600	-26664	-8625
4446.700	-20534	-9817
4446.800	-20149	-10850
4446.900	-17723	-11538
4447.000	-18624	-12247
4447.100	-26522	-13674
4447.200	-33688	-15676
4447.300	-38121	-17920
4447.400	-40333	-20162
4447.500	-31776	-21324
4447.600	-30225	-22215
4447.700	-29228	-22917
4447.800	-28596	-23485
4447.900	-32980	-24435
4448.000	-39480	-25940
4448.100	-44234	-27770
4448.200	-48691	-29862
4448.300	-45382	-31414
4448.400	-43017	-32575
4448.500	-41778	-33496
4448.600	-40422	-34188
4448.700	-40598	-34829
4448.800	-45863	-35932
4448.900	-52305	-37570
4449.000	-59253	-39738
4449.100	-60900	-41854
4449.200	-61645	-43834
4449.300	-59266	-45378
4449.400	-57135	-46554
4449.500	-54681	-47367
4449.600	-53998	-48030
4449.700	-54859	-48713
4449.800	-65991	-50441
4449.900	-74148	-52812
4450.000	-84169	-55948
4450.100	-94902	-59843
4450.200	-103147	-64174
4450.300	-106087	-68366
4450.400	-106528	-72182
4450.500	-106009	-75565
4450.600	-105770	-78586
4450.700	-106468	-81374
4450.800	-108902	-84127
4450.900	-113369	-87051
4451.000	-117302	-90076
4451.100	-119048	-92973
4451.200	-120420	-95718
4451.300	-124267	-98573
4451.400	-124748	-101191
4451.500	-124696	-103542
4451.600	-124789	-105667
4451.700	-124719	-107572
4451.800	-124522	-109267
4451.900	-124723	-110812
4452.000	-125756	-112307
4452.100	-126232	-113699
4452.200	-126741	-115003
4452.300	-126792	-116182
4452.400	-126686	-117233
4452.500	-126925	-118203
4452.600	-126910	-119074
4452.700	-126945	-119862
4452.800	-127030	-120579
4452.900	-126874	-121209
4453.000	-126850	-121773
4453.100	-126936	-122290
4453.200	-126829	-122744
4453.300	-126768	-123147
4453.400	-127032	-123535
4453.500	-127174	-123900
4453.600	-127287	-124239
4453.700	-127308	-124546
4453.800	-127136	-124805
4453.900	-127095	-125035
4454.000	-127125	-125245
4454.100	-127037	-125425
4454.200	-126996	-125583
4454.300	-127032	-125728
4454.400	-126918	-125847
4454.500	-126906	-125953
4454.600	-126976	-126056
4454.700	-126924	-126143
4454.800	-126868	-126216
4454.900	-126882	-126282
4455.000	-126871	-126341
4455.100	-126792	-126386
4455.200	-126856	-126433
4455.300	-126870	-126477
4455.400	-126832	-126512
4455.500	-126856	-126547
4455.600	-126848	-126577
4455.700	-126722	-126591
4455.800	-126809	-126613
4455.900	-126777	-126630
4456.000	-126103	-126578
4456.100	-108363	-124756
4456.200	-62550	-118535
4456.300	-47587	-111441
4456.400	-48584	-105156
4456.500	-46613	-99302
4456.600	-44738	-93846
4456.700	-43654	-88827
4456.800	-42169	-84161
4456.900	-42431	-79988
4457.000	-42691	-76258
4457.100	-42037	-72836
4457.200	-42426	-69795
4457.300	-43819	-67198
4457.400	-43885	-64867
4457.500	-45185	-62899
4457.600	-45867	-61196
4457.700	-45836	-59660
4457.800	-46396	-58334
4457.900	-46963	-57198
4458.000	-46657	-56144
4458.100	-47378	-55268
4458.200	-47009	-54442
4458.300	-45998	-53598
4458.400	-46235	-52862
4458.500	-46256	-52202
4458.600	-45337	-51516
4458.700	-45108	-50875
4458.800	-45329	-50321
4458.900	-44373	-49726
4459.000	-45025	-49256
4459.100	-45132	-48843
4459.200	-44568	-48416
4459.300	-44957	-48070
4459.400	-45574	-47821
4459.500	-45217	-47561
4459.600	-45967	-47402
4459.700	-45767	-47239
4459.800	-45069	-47022
4459.900	-46707	-46991
4460.000	-47393	-47032
4460.100	-45423	-46872
4460.200	-44520	-46637
4460.300	-41133	-46086
4460.400	-21593	-43636
4460.500	-10595	-40332
4460.600	-3619	-36661
4460.700	6174	-32378
4460.800	20070	-27133
4460.900	28599	-21560
4461.000	31173	-16287
4461.100	30144	-11644
4461.200	26416	-7839
4461.300	26295	-4426
4461.400	27837	-1200
4461.500	31866	2106
4461.600	37250	5620
4461.700	40323	9090
4461.800	40696	12250
4461.900	47455	15770
4462.000	49676	19160
4462.100	51041	22348
4462.200	51089	25222
4462.300	48978	27598
4462.400	46819	29520
4462.500	46467	31214
4462.600	46295	32722
4462.700	49263	34376
4462.800	53240	36262
4462.900	56237	38260
4463.000	59768	40411
4463.100	61880	42558
4463.200	62737	44576
4463.300	64334	46551
4463.400	68581	48754
4463.500	67725	50651
4463.600	66149	52201
4463.700	65878	53569
4463.800	65351	54747
4463.900	64328	55705
4464.000	65325	56666
4464.100	69196	57918
4464.200	74475	59573
4464.300	75571	61173
4464.400	76800	62736
4464.500	78576	64319
4464.600	80313	65918
4464.700	82504	67576
4464.800	84338	69252
4464.900	82380	70565
4465.000	81474	71655
4465.100	80685	72557
4465.200	80160	73317
4465.300	80242	74009
4465.400	80240	74632
4465.500	81129	75282
4465.600	82263	75980
4465.700	80397	76422
4465.800	79174	76697
4465.900	78340	76861
4466.000	77390	76914
4466.100	76614	76884
4466.200	76068	76803
4466.300	75942	76717
4466.400	75837	76628
4466.500	75602	76525
4466.600	75502	76422
4466.700	75385	76318
4466.800	75412	76227
4466.900	75617	76166
4467.000	75716	76120
4467.100	63494	74857
4467.200	1979	67569
4467.300	1044	60916
4467.400	-96	54814
4467.500	-1117	49221
4467.600	-1495	44149
4467.700	-1051	39629
4467.800	2	35666
4467.900	1113	32210
4468.000	1376	29126
4468.100	545	26267
4468.200	-553	23584
4468.300	-1301	21096
4468.400	-1274	18858
4468.500	-546	16917
4468.600	542	15279
4468.700	1542	13905
4468.800	889	12603
4468.900	-143	11328
4469.000	-1109	10084
4469.100	-1397	8936
4469.200	-1026	7939
4469.300	-57	7139
