4227.100	74	-13
4227.200	163	5
4227.300	160	20
4227.400	44	22
4227.500	-95	10
4227.600	-164	-8
4227.700	-113	-19
4227.800	37	-14
4227.900	156	3
4228.000	241	26
4228.100	53	29
4228.200	-157	10
4228.300	-237	-15
4228.400	-201	-34
4228.500	-35	-34
4228.600	65	-24
4228.700	106	-11
4228.800	82	-2
4228.900	-137	-15
4229.000	-138	-27
4229.100	-175	-42
4229.200	-242	-62
4229.300	-65	-62
4229.400	-1	-56
4229.500	69	-44
4229.600	-92	-49
4229.700	-236	-68
4229.800	-310	-93
4229.900	-326	-116
4230.000	-187	-123
4230.100	-17	-112
4230.200	87	-92
4230.300	-74	-90
4230.400	-160	-98
4230.500	-259	-114
4230.600	-317	-134
4230.700	-227	-143
4230.800	-76	-136
4230.900	29	-120
4231.000	53	-103
4231.100	-55	-98
4231.200	-141	-103
4231.300	-194	-112
4231.400	-129	-114
4231.500	14	-101
4231.600	121	-80
4231.700	254	-47
4231.800	133	-29
4231.900	-3	-27
4232.000	-73	-32
4232.100	-104	-39
4232.200	-98	-45
4232.300	27	-38
4232.400	182	-16
4232.500	215	7
4232.600	-5	6
4232.700	-83	-3
4232.800	-121	-15
4232.900	-59	-20
4233.000	84	-10
4233.100	179	8
4233.200	286	36
4233.300	-13	31
4233.400	-177	10
4233.500	-259	-18
4233.600	1586	142
4233.700	12009	1328
4233.800	18530	3048
4233.900	16047	4348
4234.000	11250	5038
4234.100	16162	6151
4234.200	21162	7652
4234.300	21598	9046
4234.400	21146	10256
4234.500	18451	11076
4234.600	13076	11276
4234.700	5061	10654
4234.800	-2248	9364
4234.900	-14048	7023
4235.000	-16885	4632
4235.100	-15675	2601
4235.200	-14546	886
4235.300	-13630	-566
4235.400	-13036	-1813
4235.500	-11601	-2792
4235.600	-19083	-4421
4235.700	-24682	-6448
4235.800	-27748	-8578
4235.900	-30450	-10766
4236.000	-32534	-12943
4236.100	-32034	-14852
4236.200	-29736	-16340
4236.300	-28182	-17525
4236.400	-24690	-18242
4236.500	-24556	-18873
4236.600	-23900	-19376
4236.700	-29375	-20376
4236.800	-37805	-22119
4236.900	-42276	-24135
4237.000	-45229	-26244
4237.100	-41747	-27794
4237.200	-37548	-28769
4237.300	-36991	-29592
4237.400	-36225	-30255
4237.500	-35002	-30730
4237.600	-34955	-31153
4237.700	-38033	-31841
4237.800	-43759	-33034
4237.900	-52720	-35003
4238.000	-55197	-37022
4238.100	-57199	-39040
4238.200	-55976	-40734
4238.300	-53415	-42002
4238.400	-51324	-42934
4238.500	-50102	-43651
4238.600	-49168	-44203
4238.700	-51987	-44981
4238.800	-57894	-46273
4238.900	-63828	-48028
4239.000	-69090	-50135
4239.100	-71483	-52270
4239.200	-71076	-54151
4239.300	-69308	-55667
4239.400	-65606	-56661
4239.500	-64986	-57494
4239.600	-64257	-58170
4239.700	-64793	-58833
4239.800	-70840	-60034
4239.900	-79229	-61954
4240.000	-90078	-64766
4240.100	-101321	-68422
4240.200	-114506	-73030
4240.300	-115845	-77312
4240.400	-115223	-81103
4240.500	-114525	-84445
4240.600	-114036	-87404
4240.700	-113696	-90033
4240.800	-113298	-92359
4240.900	-115596	-94683
4241.000	-117408	-96955
4241.100	-119222	-99182
4241.200	-120918	-101355
4241.300	-122475	-103467
4241.400	-123612	-105482
4241.500	-124495	-107383
4241.600	-124802	-109125
4241.700	-124917	-110704
4241.800	-124767	-112110
4241.900	-124371	-113337
4242.000	-124492	-114453
4242.100	-124620	-115470
4242.200	-124768	-116400
4242.300	-125196	-117280
4242.400	-125593	-118112
4242.500	-125689	-118870
4242.600	-125912	-119575
4242.700	-125982	-120216
4242.800	-125957	-120790
4242.900	-126002	-121312
4243.000	-126008	-121781
4243.100	-125863	-122190
4243.200	-125865	-122558
4243.300	-125906	-122893
4243.400	-125775	-123181
4243.500	-125821	-123446
4243.600	-125890	-123691
4243.700	-125841	-123907
4243.800	-125751	-124092
4243.900	-125753	-124258
4244.000	-125713	-124404
4244.100	-125738	-124537
4244.200	-125793	-124663
4244.300	-125671	-124764
4244.400	-125647	-124852
4244.500	-125761	-124943
4244.600	-125643	-125013
4244.700	-91128	-121624
4244.800	-51685	-114630
4244.900	-48130	-107981
4245.000	-47836	-101967
4245.100	-46699	-96440
4245.200	-46417	-91438
4245.300	-46075	-86902
4245.400	-44847	-82696
4245.500	-44236	-78850
4245.600	-43713	-75337
4245.700	-43005	-72104
4245.800	-43349	-69228
4245.900	-43583	-66664
4246.000	-43289	-64326
4246.100	-43482	-62242
4246.200	-44093	-60427
4246.300	-44416	-58826
4246.400	-45240	-57468
4246.500	-45593	-56281
4246.600	-45308	-55184
4246.700	-45548	-54220
4246.800	-46053	-53404
4246.900	-45663	-52630
4247.000	-45925	-51960
4247.100	-45647	-51329
4247.200	-44908	-50687
4247.300	-45069	-50126
4247.400	-45455	-49659
4247.500	-44742	-49168
4247.600	-44343	-48686
4247.700	-44769	-48294
4247.800	-44104	-47875
4247.900	-44443	-47532
4248.000	-44659	-47244
4248.100	-44196	-46939
4248.200	-44332	-46679
4248.300	-44857	-46497
4248.400	-44767	-46324
4248.500	-45121	-46204
4248.600	-44889	-46072
4248.700	-43216	-45786
4248.800	-41753	-45383
4248.900	-42743	-45119
4249.000	-45535	-45161
4249.100	-43328	-44978
4249.200	-42303	-44711
4249.300	-40356	-44276
4249.400	-30093	-42858
4249.500	-21575	-40730
4249.600	-10304	-37688
4249.700	-178	-33937
4249.800	6879	-29856
4249.900	17493	-25121
4250.000	28373	-19772
4250.100	37999	-13995
4250.200	39480	-8648
4250.300	36142	-4169
4250.400	32507	-502
4250.500	33185	2867
4250.600	32900	5870
4250.700	33023	8585
4250.800	44578	12184
4250.900	47586	15724
4251.000	50442	19196
4251.100	52585	22535
4251.200	52735	25555
4251.300	53398	28339
4251.400	55191	31024
4251.500	55582	33480
4251.600	54103	35542
4251.700	53507	37338
4251.800	52310	38835
4251.900	52452	40197
4252.000	52997	41477
4252.100	52663	42596
4252.200	55297	43866
4252.300	64623	45942
4252.400	65919	47939
4252.500	66693	49814
4252.600	67441	51576
4252.700	69428	53361
4252.800	72234	55248
4252.900	72471	56970
4253.000	70465	58319
4253.100	69734	59460
4253.200	68636	60377
4253.300	68723	61212
4253.400	71824	62273
4253.500	73984	63444
4253.600	75525	64652
4253.700	77352	65922
4253.800	78594	67189
4253.900	82064	68676
4254.000	84494	70258
4254.100	85284	71761
4254.200	84673	73052
4254.300	83847	74131
4254.400	83050	75022
4254.500	82029	75722
4254.600	81814	76331
4254.700	82137	76911
4254.800	81730	77392
4254.900	82333	77886
4255.000	82573	78355
4255.100	82552	78775
4255.200	82633	79161
4255.300	82135	79458
4255.400	80249	79537
4255.500	79594	79543
4255.600	78896	79478
4255.700	78513	79382
4255.800	78273	79271
4255.900	77981	79142
4256.000	77526	78980
4256.100	76083	78690
4256.200	75795	78400
4256.300	75788	78138
4256.400	75944	77919
4256.500	76101	77736
4256.600	76086	77571
4256.700	75978	77411
4256.800	75708	77240
4256.900	75659	77081
4257.000	75872	76960
4257.100	75966	76860
4257.200	75951	76768
4257.300	75868	76678
4257.400	75650	76575
4257.500	75318	76449
4257.600	75221	76326
4257.700	75326	76226
4257.800	75270	76130
4257.900	75208	76037
4258.000	74951	75928
4258.100	74619	75797
4258.200	74453	75663
4258.300	74515	75548
4258.400	74575	75451
4258.500	74447	75350
4258.600	74270	75241
4258.700	74036	75120
4258.800	74079	75015
4258.900	74162	74930
4259.000	74321	74868
4259.100	74426	74824
4259.200	74242	74766
4259.300	73789	74668
4259.400	73778	74579
4259.500	73997	74520
4259.600	74116	74479
4259.700	74211	74452
4259.800	74303	74437
4259.900	73573	74351
4260.000	73447	74260
4260.100	73503	74184
4260.200	73599	74125
4260.300	73625	74075
4260.400	73631	74030
4260.500	73420	73968
4260.600	73056	73877
4260.700	72894	73779
4260.800	73003	73701
4260.900	73094	73640
4261.000	73278	73603
4261.100	72999	73542
4261.200	72607	73448
4261.300	72439	73347
4261.400	72516	73264
4261.500	72552	73193
4261.600	72769	73150
4261.700	72621	73096
4261.800	72257	73012
4261.900	72032	72914
4262.000	71926	72815
4262.100	71695	72703
4262.200	71918	72624
4262.300	61221	71484
4262.400	18431	66178
4262.500	338	59594
4262.600	-421	53592
4262.700	-294	48203
4262.800	294	43412
4262.900	999	39170
4263.000	1590	35411
4263.100	1118	31981
4263.200	312	28814
4263.300	-343	25898
4263.400	-447	23264
4263.500	-7	20937
4263.600	777	18921
4263.700	1803	17209
4263.800	1496	15637
