178.000	-185	-154
178.100	-131	-152
178.200	-129	-150
178.300	-158	-151
178.400	-77	-144
178.500	-107	-140
178.600	-158	-142
178.700	-98	-138
178.800	-126	-137
178.900	-155	-139
179.000	-178	-143
179.100	-169	-146
179.200	-111	-142
179.300	-20	-130
179.400	-18	-119
179.500	-75	-115
179.600	-87	-112
179.700	-118	-113
179.800	-154	-118
179.900	-122	-119
180.000	-66	-114
180.100	-42	-107
180.200	-79	-104
180.300	-116	-105
180.400	-116	-106
180.500	-42	-100
180.600	-41	-94
180.700	-62	-91
180.800	-64	-89
180.900	-76	-88
181.000	-72	-87
181.100	-64	-85
181.200	-44	-81
181.300	-57	-79
181.400	-38	-75
181.500	-49	-72
181.600	-42	-70
181.700	-39	-67
181.800	-57	-66
181.900	-54	-65
182.000	-73	-66
182.100	-70	-66
182.200	-103	-70
182.300	-44	-68
182.400	-46	-66
182.500	-40	-63
182.600	-84	-66
182.700	-93	-69
182.800	-65	-69
182.900	-62	-69
183.000	-33	-66
183.100	-79	-67
183.200	-100	-70
183.300	-52	-69
183.400	-84	-71
183.500	-67	-71
183.600	-12	-66
183.700	-29	-62
183.800	-79	-64
183.900	-31	-60
184.000	-5	-55
184.100	-21	-52
184.200	-29	-50
184.300	-53	-51
184.400	-24	-49
184.500	-19	-46
184.600	-66	-48
184.700	-52	-49
184.800	2	-44
184.900	-3	-40
185.000	-95	-46
185.100	-110	-52
185.200	-100	-57
185.300	-58	-57
185.400	-98	-61
185.500	-96	-65
185.600	-122	-71
185.700	-108	-75
185.800	-22	-70
185.900	-55	-69
186.000	-58	-68
186.100	-12	-63
186.200	-34	-61
186.300	-58	-61
186.400	-82	-64
186.500	-63	-64
186.600	-131	-70
186.700	-89	-72
186.800	-47	-70
186.900	-58	-69
187.000	-81	-70
187.100	-25	-66
187.200	0	-59
187.300	-35	-57
187.400	-19	-53
187.500	-52	-54
187.600	-107	-59
187.700	-127	-66
187.800	-53	-65
187.900	-13	-60
188.000	-55	-60
188.100	-71	-62
188.200	-58	-62
188.300	-62	-63
188.400	-3	-58
188.500	-66	-59
188.600	-53	-59
188.700	-2	-54
188.800	-41	-52
188.900	-73	-55
189.000	2	-49
189.100	2	-44
189.200	-42	-44
189.300	-49	-44
189.400	-70	-46
189.500	-79	-49
189.600	-59	-50
189.700	-52	-51
189.800	-54	-52
189.900	-37	-51
190.000	27	-44
190.100	2	-39
190.200	3	-35
190.300	-12	-33
190.400	-44	-35
190.500	-52	-37
190.600	21	-31
190.700	0	-28
190.800	-9	-26
190.900	14	-22
191.000	35	-17
191.100	35	-12
191.200	88	-3
191.300	101	7
191.400	53	11
191.500	-3	9
191.600	-46	3
191.700	0	3
191.800	12	4
191.900	-26	1
192.000	-34	-3
192.100	-7	-4
192.200	-48	-8
192.300	-50	-12
192.400	-35	-15
192.500	-49	-18
192.600	-67	-23
192.700	-22	-24
192.800	30	-18
192.900	-12	-18
193.000	-7	-17
193.100	-39	-19
193.200	-50	-22
193.300	-54	-26
193.400	-44	-28
193.500	-85	-34
193.600	-112	-42
193.700	-126	-51
193.800	-77	-54
193.900	-99	-58
194.000	-174	-70
194.100	-159	-79
194.200	-162	-88
194.300	-194	-99
194.400	-199	-109
194.500	-138	-112
194.600	-144	-116
194.700	-180	-122
194.800	-175	-128
194.900	-122	-128
195.000	-45	-120
195.100	24	-106
195.200	26	-93
195.300	6	-84
195.400	-48	-80
195.500	-35	-76
195.600	-5	-69
195.700	-70	-69
195.800	-30	-65
195.900	14	-57
196.000	50	-46
196.100	54	-36
196.200	10	-31
196.300	-29	-31
196.400	-13	-30
196.500	-12	-29
196.600	58	-21
196.700	66	-13
196.800	-14	-14
196.900	24	-10
197.000	26	-7
197.100	-9	-7
197.200	-50	-11
197.300	12	-9
197.400	52	-3
197.500	40	1
197.600	9	2
197.700	-16	0
197.800	-4	-1
197.900	7	-1
198.000	-45	-6
198.100	-6	-6
198.200	38	-2
198.300	79	6
198.400	30	9
198.500	14	9
198.600	76	15
198.700	35	17
198.800	47	19
198.900	-19	15
199.000	-22	11
199.100	-66	3
199.200	-91	-6
199.300	-176	-23
199.400	-127	-34
199.500	-64	-37
199.600	-31	-36
199.700	-39	-36
199.800	-24	-35
199.900	-11	-32
200.000	-20	-31
200.100	-70	-35
200.200	7	-31
200.300	-43	-33
200.400	-54	-36
200.500	-47	-37
200.600	-34	-37
200.700	-33	-37
200.800	-101	-44
200.900	-90	-48
201.000	-43	-48
201.100	-75	-51
201.200	-24	-49
201.300	-39	-48
201.400	-56	-49
201.500	-3	-45
201.600	3	-40
201.700	18	-35
201.800	-10	-32
201.900	-31	-32
202.000	-38	-33
202.100	-53	-36
202.200	-67	-39
202.300	-84	-44
202.400	4	-39
202.500	-45	-40
202.600	-17	-38
202.700	-3	-35
202.800	-23	-34
202.900	-26	-33
203.000	-65	-37
203.100	-104	-44
203.200	8	-39
203.300	6	-35
203.400	84	-23
203.500	37	-18
203.600	-10	-17
203.700	23	-13
203.800	30	-9
203.900	4	-8
204.000	-37	-11
204.100	-72	-18
204.200	-26	-19
204.300	-25	-20
204.400	-60	-24
204.500	-25	-24
204.600	-5	-22
204.700	-32	-24
204.800	12	-20
204.900	-41	-22
205.000	-17	-22
205.100	-41	-24
205.200	-48	-26
205.300	-17	-25
205.400	-35	-26
205.500	-34	-27
205.600	-23	-27
205.700	-5	-25
205.800	-8	-23
205.900	9	-20
206.000	15	-17
206.100	-49	-20
206.200	-2	-19
206.300	-31	-20
206.400	-102	-29
206.500	-47	-31
206.600	22	-26
206.700	25	-21
206.800	-2	-20
206.900	-1	-18
207.000	-100	-26
207.100	-56	-29
207.200	-38	-30
207.300	-30	-30
207.400	-49	-32
207.500	-29	-32
207.600	4	-29
207.700	-12	-28
207.800	-4	-26
207.900	-12	-25
208.000	31	-19
208.100	85	-9
208.200	81	0
208.300	66	6
208.400	122	18
208.500	118	27
208.600	61	30
208.700	79	34
208.800	82	39
208.900	87	43
209.000	58	44
