4595.600	1343	-31
4595.700	-1303	-158
4595.800	-3373	-480
4595.900	-3665	-798
4596.000	-1937	-913
4596.100	668	-755
4596.200	2796	-400
4596.300	2405	-119
4596.400	100	-97
4596.500	-2364	-324
4596.600	-3651	-657
4596.700	-2904	-882
4596.800	-652	-859
4596.900	1855	-587
4597.000	3029	-226
4597.100	1293	-75
4597.200	-1136	-181
4597.300	-3121	-475
4597.400	-3405	-768
4597.500	-1896	-881
4597.600	545	-738
4597.700	2668	-398
4597.800	2247	-134
4597.900	42	-117
4598.000	-2203	-326
4598.100	-3430	-637
4598.200	-2864	-860
4598.300	-724	-846
4598.400	1718	-590
4598.500	2910	-240
4598.600	1220	-94
4598.700	-1045	-189
4598.800	-2833	-453
4598.900	-3191	-727
4599.000	-1843	-839
4599.100	492	-706
4599.200	2578	-378
4599.300	2156	-125
4599.400	35	-109
4599.500	-2047	-303
4599.600	-3091	-582
4599.700	-2577	-782
4599.800	-653	-769
4599.900	1618	-530
4600.000	3079	-169
4600.100	1050	-47
4600.200	-1205	-163
4600.300	-2850	-432
4600.400	-3001	-689
4600.500	-1664	-786
4600.600	4304	-277
4600.700	17651	1515
4600.800	12738	2637
4600.900	12550	3628
4601.000	13789	4644
4601.100	10318	5211
4601.200	9922	5682
4601.300	12173	6330
4601.400	5830	6280
4601.500	297	5682
4601.600	-6137	4499
4601.700	-7197	3329
4601.800	-3677	2628
4601.900	-7865	1579
4602.000	-16647	-244
4602.100	-23955	-2615
4602.200	-29367	-5291
4602.300	-32335	-7995
4602.400	-34177	-10614
4602.500	-34177	-12971
4602.600	-30778	-14752
4602.700	-33501	-16627
4602.800	-34552	-18420
4602.900	-34146	-19993
4603.000	-34328	-21427
4603.100	-44769	-23762
4603.200	-49801	-26366
4603.300	-52541	-28984
4603.400	-54015	-31487
4603.500	-53296	-33669
4603.600	-54184	-35720
4603.700	-55744	-37722
4603.800	-56333	-39583
4603.900	-55842	-41209
4604.000	-57091	-42797
4604.100	-60724	-44590
4604.200	-64509	-46582
4604.300	-67313	-48655
4604.400	-77116	-51501
4604.500	-87840	-55135
4604.600	-101852	-59807
4604.700	-105885	-64415
4604.800	-109397	-68914
4604.900	-112041	-73227
4605.000	-112638	-77169
4605.100	-113335	-80785
4605.200	-113081	-84015
4605.300	-113697	-86984
4605.400	-120575	-90343
4605.500	-123151	-93624
4605.600	-124955	-96757
4605.700	-125625	-99644
4605.800	-125832	-102263
4605.900	-126244	-104661
4606.000	-126298	-106825
4606.100	-126296	-108773
4606.200	-126522	-110548
4606.300	-126389	-112133
4606.400	-126295	-113549
4606.500	-126504	-114844
4606.600	-126586	-116019
4606.700	-126288	-117046
4606.800	-126343	-117976
4606.900	-126291	-118808
4607.000	-126210	-119549
4607.100	-126492	-120243
4607.200	-126394	-120858
4607.300	-126251	-121398
4607.400	-126321	-121891
4607.500	-126420	-122344
4607.600	-126231	-122733
4607.700	-126389	-123099
4607.800	-126353	-123424
4607.900	-126194	-123701
4608.000	-126339	-123965
4608.100	-126345	-124203
4608.200	-126129	-124396
4608.300	-126047	-124562
4608.400	-125730	-124679
4608.500	-125297	-124741
4608.600	-124700	-124737
4608.700	-123148	-124579
4608.800	-121833	-124304
4608.900	-121729	-124047
4609.000	-122613	-123904
4609.100	-124479	-123962
4609.200	-126115	-124177
4609.300	-126092	-124369
4609.400	-125531	-124485
4609.500	-123768	-124414
4609.600	-121889	-124162
4609.700	-122150	-123961
4609.800	-124698	-124035
4609.900	-122447	-123877
4610.000	-105715	-122061
4610.100	-79253	-117780
4610.200	-52632	-111265
4610.300	-45451	-104684
4610.400	-45363	-98752
4610.500	-44911	-93368
4610.600	-44886	-88521
4610.700	-44903	-84159
4610.800	-45272	-80270
4610.900	-45239	-76767
4611.000	-45328	-73624
4611.100	-45444	-70806
4611.200	-45151	-68241
4611.300	-44938	-65911
4611.400	-45216	-63841
4611.500	-45263	-61983
4611.600	-45218	-60307
4611.700	-45246	-58801
4611.800	-44916	-57413
4611.900	-44892	-56161
4612.000	-45185	-55063
4612.100	-45080	-54065
4612.200	-44849	-53144
4612.300	-45014	-52331
4612.400	-44827	-51581
4612.500	-45043	-50927
4612.600	-45159	-50351
4612.700	-44943	-49810
4612.800	-44837	-49313
4612.900	-44597	-48842
4613.000	-35598	-47518
4613.100	-24395	-45206
4613.200	-14810	-42167
4613.300	-4870	-38438
4613.400	883	-34507
4613.500	6691	-30388
4613.600	11412	-26209
4613.700	21834	-21405
4613.800	23023	-16963
4613.900	25626	-12704
4614.000	25853	-8849
4614.100	27433	-5221
4614.200	35259	-1173
4614.300	38585	2803
4614.400	39789	6501
4614.500	46138	10465
4614.600	47161	14134
4614.700	48022	17522
4614.800	49542	20723
4614.900	50292	23679
4615.000	50019	26313
4615.100	50432	28724
4615.200	49107	30762
4615.300	49282	32613
4615.400	53475	34699
4615.500	55659	36795
4615.600	60483	39163
4615.700	64706	41717
4615.800	64819	44027
4615.900	64483	46072
4616.000	67585	48223
4616.100	64185	49819
4616.200	67601	51597
4616.300	70937	53531
4616.400	67713	54949
4616.500	68099	56264
4616.600	70800	57717
4616.700	67707	58716
4616.800	74954	60339
4616.900	75662	61871
4617.000	77708	63455
4617.100	83724	65481
4617.200	84519	67385
4617.300	82558	68902
4617.400	83334	70345
4617.500	80651	71375
4617.600	81186	72356
4617.700	81797	73300
4617.800	80424	74013
4617.900	79174	74529
4618.000	79243	75000
4618.100	78164	75317
4618.200	77814	75567
4618.300	77409	75751
4618.400	76604	75837
4618.500	76408	75894
4618.600	76392	75943
4618.700	75788	75927
4618.800	75419	75876
4618.900	75934	75881
4619.000	75772	75870
4619.100	75673	75850
4619.200	75694	75835
4619.300	75202	75771
4619.400	74948	75689
4619.500	75434	75663
4619.600	75510	75647
4619.700	75166	75599
4619.800	75303	75569
4619.900	74698	75482
4620.000	74151	75348
4620.100	74353	75248
4620.200	74406	75164
4620.300	74022	75049
4620.400	73998	74944
4620.500	73446	74794
4620.600	72928	74607
4620.700	73142	74460
4620.800	73161	74330
4620.900	72889	74186
4621.000	72815	74049
4621.100	72747	73919
4621.200	72282	73755
4621.300	69109	73290
4621.400	35972	69558
4621.500	1537	62756
