3508.300	-477	-233
3508.400	-395	-249
3508.500	-241	-249
3508.600	-129	-238
3508.700	-59	-221
3508.800	-133	-212
3508.900	-303	-221
3509.000	-450	-244
3509.100	-454	-265
3509.200	-293	-268
3509.300	-161	-258
3509.400	-81	-241
3509.500	-82	-225
3509.600	-209	-224
3509.700	-398	-241
3509.800	-457	-262
3509.900	-465	-282
3510.000	-325	-286
3510.100	-166	-274
3510.200	-23	-249
3510.300	-196	-244
3510.400	-324	-252
3510.500	-397	-266
3510.600	-404	-280
3510.700	-352	-288
3510.800	-225	-282
3510.900	-110	-265
3511.000	25	-236
3511.100	-222	-235
3511.200	-333	-245
3511.300	-430	-264
3511.400	-407	-278
3511.500	-324	-283
3511.600	-189	-274
3511.700	-54	-252
3511.800	-22	-229
3511.900	-131	-220
3512.000	-274	-226
3512.100	-408	-245
3512.200	-324	-253
3512.300	-198	-247
3512.400	-51	-228
3512.500	62	-199
3512.600	-139	-194
3512.700	-268	-201
3512.800	-378	-219
3512.900	-384	-236
3513.000	-287	-241
3513.100	-142	-231
3513.200	-11	-209
3513.300	-29	-192
3513.400	-148	-187
3513.500	-279	-197
3513.600	-275	-205
3513.700	-255	-210
3513.800	-141	-204
3513.900	-35	-187
3514.000	-19	-171
3514.100	-72	-161
3514.200	-240	-169
3514.300	-247	-177
3514.400	1275	-32
3514.500	4164	388
3514.600	5044	854
3514.700	4618	1230
3514.800	8703	1977
3514.900	11118	2891
3515.000	13670	3968
3515.100	22195	5791
3515.200	23297	7541
3515.300	18157	8602
3515.400	18683	9610
3515.500	23465	10995
3515.600	32490	13144
3515.700	35013	15331
3515.800	32976	17095
3515.900	29552	18341
3516.000	26043	19111
3516.100	22097	19409
3516.200	19301	19398
3516.300	16952	19153
3516.400	6828	17920
3516.500	3614	16489
3516.600	3707	15211
3516.700	5444	14234
3516.800	7427	13553
3516.900	9154	13113
3517.000	11095	12911
3517.100	1433	11763
3517.200	-6582	9928
3517.300	-12922	7643
3517.400	-17263	5152
3517.500	-17223	2914
3517.600	-14638	1159
3517.700	-12442	-201
3517.800	-11221	-1303
3517.900	-9521	-2125
3518.000	-11506	-3063
3518.100	-17186	-4475
3518.200	-22846	-6312
3518.300	-27288	-8409
3518.400	-28586	-10427
3518.500	-26517	-12036
3518.600	-23488	-13181
3518.700	-20279	-13891
3518.800	-20173	-14519
3518.900	-19168	-14985
3519.000	-18108	-15297
3519.100	-20734	-15841
3519.200	-25939	-16851
3519.300	-30785	-18244
3519.400	-37859	-20206
3519.500	-36532	-21839
3519.600	-33793	-23035
3519.700	-32616	-23993
3519.800	-31431	-24737
3519.900	-30965	-25360
3520.000	-30244	-25849
3520.100	-33129	-26578
3520.200	-39040	-27825
3520.300	-41308	-29173
3520.400	-41982	-30454
3520.500	-40511	-31460
3520.600	-39138	-32229
3520.700	-37028	-32709
3520.800	-33656	-32804
3520.900	-32825	-32806
3521.000	-29754	-32501
3521.100	-31491	-32400
3521.200	-33798	-32541
3521.300	-34923	-32779
3521.400	-42015	-33703
3521.500	-45056	-34838
3521.600	-44403	-35795
3521.700	-42842	-36500
3521.800	-41009	-36952
3521.900	-40965	-37353
3522.000	-40295	-37647
3522.100	-37836	-37666
3522.200	-37614	-37661
3522.300	-41045	-37999
3522.400	-43935	-38593
3522.500	-56100	-40344
3522.600	-49129	-41223
3522.700	-38210	-40922
3522.800	-39437	-40773
3522.900	-39354	-40631
3523.000	-35450	-40113
3523.100	-37627	-39864
3523.200	-34997	-39377
3523.300	-40768	-39517
3523.400	-45568	-40123
3523.500	-46161	-40727
3523.600	-53631	-42018
3523.700	-57562	-43573
3523.800	-56569	-44873
3523.900	-57987	-46184
3524.000	-52771	-46843
3524.100	-53712	-47530
3524.200	-53538	-48131
3524.300	-50216	-48339
3524.400	-52136	-48719
3524.500	-55581	-49406
3524.600	-57436	-50209
3524.700	-67786	-51967
3524.800	-67615	-53532
3524.900	-67957	-54974
3525.000	-67536	-56230
3525.100	-65692	-57177
3525.200	-66643	-58124
3525.300	-66689	-58981
3525.400	-64105	-59493
3525.500	-69135	-60457
3525.600	-71441	-61556
3525.700	-78660	-63267
3525.800	-87672	-65708
3525.900	-93594	-68497
3526.000	-99584	-71606
3526.100	-102724	-74718
3526.200	-101309	-77378
3526.300	-102276	-79868
3526.400	-101852	-82067
3526.500	-100910	-83952
3526.600	-102068	-85763
3526.700	-104195	-87606
3526.800	-105295	-89375
3526.900	-108337	-91271
3527.000	-111066	-93250
3527.100	-112803	-95206
3527.200	-115547	-97240
3527.300	-116590	-99176
3527.400	-116356	-100894
3527.500	-116496	-102454
3527.600	-116299	-103839
3527.700	-115566	-105012
3527.800	-116079	-106119
3527.900	-115066	-107014
3528.000	-116138	-107927
3528.100	-117868	-108921
3528.200	-118472	-109876
3528.300	-120100	-110899
3528.400	-122245	-112034
3528.500	-123949	-113226
3528.600	-123238	-114227
3528.700	-123781	-115183
3528.800	-124431	-116108
3528.900	-123903	-116888
3529.000	-123339	-117534
3529.100	-124328	-118213
3529.200	-124182	-118810
3529.300	-123728	-119303
3529.400	-124677	-119840
3529.500	-123902	-120247
3529.600	-110821	-119305
3529.700	-80022	-115377
3529.800	-51120	-108952
3529.900	-43416	-102398
3530.000	-43547	-96513
3530.100	-44320	-91294
3530.200	-44726	-86637
3530.300	-45302	-82504
3530.400	-45862	-78840
3530.500	-46329	-75590
3530.600	-46595	-72691
3530.700	-46927	-70114
3530.800	-46963	-67799
3530.900	-47034	-65723
3531.000	-47047	-63855
3531.100	-46799	-62150
3531.200	-46535	-60589
3531.300	-46579	-59189
3531.400	-46371	-57908
3531.500	-46064	-56724
3531.600	-45273	-55579
3531.700	-44805	-54502
3531.800	-44817	-53533
3531.900	-44922	-52672
3532.000	-44709	-51876
3532.100	-44761	-51165
3532.200	-44867	-50535
3532.300	-44907	-49972
3532.400	-45289	-49504
3532.500	-45683	-49122
3532.600	-46138	-48823
3532.700	-46520	-48593
3532.800	-46696	-48403
3532.900	-46498	-48213
3533.000	-46133	-48005
3533.100	-46204	-47825
3533.200	-45738	-47617
3533.300	-45288	-47385
3533.400	-45661	-47213
3533.500	-45667	-47058
3533.600	-45814	-46934
3533.700	-47148	-46955
3533.800	-47269	-46987
3533.900	-53996	-47688
3534.000	-52070	-48127
3534.100	-50751	-48390
3534.200	-54699	-49022
3534.300	-53278	-49447
3534.400	-50465	-49549
3534.500	-50083	-49603
3534.600	-33289	-47972
3534.700	-25900	-45765
3534.800	-18485	-43037
3534.900	-15777	-40311
3535.000	-14983	-37778
3535.100	-16318	-35633
3535.200	-15746	-33644
3535.300	-14834	-31763
3535.400	-14623	-30049
3535.500	-10356	-28080
3535.600	-5603	-25833
3535.700	6113	-22638
3535.800	17157	-18659
3535.900	23147	-14479
3536.000	24273	-10604
3536.100	21279	-7416
3536.200	20760	-4599
3536.300	21626	-1977
3536.400	21733	394
3536.500	24406	2795
3536.600	31060	5621
3536.700	35402	8599
3536.800	38284	11568
3536.900	36459	14057
3537.000	32939	15945
3537.100	32534	17604
3537.200	32889	19132
3537.300	30269	20245
3537.400	30761	21296
3537.500	35782	22745
3537.600	39710	24441
3537.700	48603	26857
3537.800	46378	28809
3537.900	44263	30355
3538.000	44714	31791
3538.100	43835	32995
3538.200	42491	33944
3538.300	43527	34902
3538.400	50301	36441
3538.500	53385	38135
3538.600	54879	39809
3538.700	54703	41299
3538.800	54181	42587
3538.900	53109	43639
3539.000	51342	44409
3539.100	51131	45081
3539.200	49788	45551
3539.300	51907	46186
3539.400	55828	47150
3539.500	59888	48423
3539.600	63070	49887
3539.700	64142	51313
3539.800	62985	52480
3539.900	61411	53372
3540.000	59478	53982
3540.100	58687	54452
3540.200	59026	54909
3540.300	61552	55573
3540.400	65691	56584
3540.500	70009	57926
3540.600	72320	59365
3540.700	71529	60581
3540.800	70132	61535
3540.900	68206	62202
3541.000	67393	62721
3541.100	67957	63244
3541.200	68604	63780
3541.300	71517	64553
3541.400	75476	65645
3541.500	79608	67041
3541.600	80370	68373
3541.700	79547	69490
3541.800	78443	70385
3541.900	78248	71171
3542.000	78427	71896
3542.100	77994	72506
3542.200	81976	73453
3542.300	84337	74541
3542.400	85074	75594
3542.500	84837	76518
3542.600	83859	77252
3542.700	82538	77780
3542.800	81584	78160
3542.900	80626	78406
3543.000	79849	78550
3543.100	79932	78687
3543.200	80594	78878
3543.300	81376	79128
3543.400	80956	79311
3543.500	79426	79322
3543.600	78042	79193
3543.700	77491	79022
3543.800	77164	78836
3543.900	77175	78670
3544.000	77459	78548
3544.100	77313	78425
3544.200	76527	78235
3544.300	76098	78021
3544.400	75924	77811
3544.500	75502	77579
3544.600	75875	77409
3544.700	75715	77240
3544.800	75192	77035
3544.900	75359	76867
3545.000	75760	76756
3545.100	75574	76638
3545.200	75357	76510
3545.300	75289	76387
3545.400	74881	76236
3545.500	75177	76130
3545.600	75412	76057
3545.700	75005	75952
3545.800	74828	75839
3545.900	74947	75750
3546.000	74179	75592
3546.100	74654	75498
3546.200	75038	75452
3546.300	74621	75368
3546.400	74604	75292
3546.500	74823	75245
3546.600	74306	75151
3546.700	73944	75030
3546.800	74836	75010
3546.900	74444	74953
3547.000	74549	74912
3547.100	74825	74903
3547.200	74278	74840
3547.300	74063	74762
3547.400	74667	74752
3547.500	74301	74706
3547.600	74448	74680
3547.700	65254	73737
3547.800	21711	68534
3547.900	1548	61835
3548.000	849	55736
3548.100	222	50185
3548.200	-484	45118
3548.300	-929	40513
3548.400	-392	36422
3548.500	222	32801
3548.600	768	29597
3548.700	1020	26739
3548.800	738	24139
3548.900	37	21729
3549.000	-694	19487
3549.100	-831	17455
3549.200	-239	15685
3549.300	488	14165
3549.400	947	12843
3549.500	918	11650
3549.600	421	10526
3549.700	-277	9446
3549.800	-1016	8400
3549.900	-742	7485
