3352.000	-1820	-872
3352.100	-1444	-929
3352.200	-633	-899
3352.300	414	-768
3352.400	279	-663
3352.500	-281	-625
3352.600	-1057	-669
3352.700	-1626	-765
3352.800	-1668	-856
3352.900	-1167	-888
3353.000	-384	-837
3353.100	443	-710
3353.200	113	-628
3353.300	-567	-622
3353.400	-1304	-690
3353.500	-1725	-794
3353.600	-1537	-869
3353.700	-859	-868
3353.800	458	-735
3353.900	503	-612
3354.000	-15	-552
3354.100	-769	-574
3354.200	-1496	-667
3354.300	-1766	-778
3354.400	-1435	-844
3354.500	-741	-834
3354.600	341	-717
3354.700	185	-628
3354.800	-387	-604
3354.900	-1102	-654
3355.000	-1566	-746
3355.100	-1542	-826
3355.200	-1080	-852
3355.300	222	-745
3355.400	452	-626
3355.500	80	-556
3355.600	-674	-568
3355.700	-1380	-649
3355.800	-1697	-754
3355.900	-1468	-826
3356.000	-830	-827
3356.100	4243	-321
3356.200	9298	641
3356.300	8765	1454
3356.400	10528	2361
3356.500	17189	3844
3356.600	20844	5543
3356.700	22170	7205
3356.800	23733	8857
3356.900	25510	10522
3357.000	31500	12620
3357.100	32337	14592
3357.200	32099	16343
3357.300	30577	17766
3357.400	28111	18800
3357.500	24045	19324
3357.600	14265	18818
3357.700	9754	17911
3357.800	6395	16760
3357.900	7050	15789
3358.000	9145	15124
3358.100	9801	14591
3358.200	11880	14320
3358.300	9687	13857
3358.400	-10571	11414
3358.500	-12289	9043
3358.600	-9554	7183
3358.700	-9338	5530
3358.800	-7148	4262
3358.900	-4695	3366
3359.000	-8760	2153
3359.100	-24961	-559
3359.200	-26194	-3122
3359.300	-18037	-4614
3359.400	-14403	-5593
3359.500	-15680	-6602
3359.600	-13884	-7330
3359.700	-14256	-8023
3359.800	-25058	-9727
3359.900	-34807	-12236
3360.000	-29348	-13948
3360.100	-25768	-15130
3360.200	-25595	-16176
3360.300	-24632	-17022
3360.400	-26981	-18018
3360.500	-35913	-19807
3360.600	-41752	-22002
3360.700	-28860	-22688
3360.800	-25737	-22993
3360.900	-25899	-23284
3361.000	-25070	-23463
3361.100	-24691	-23586
3361.200	-27077	-23936
3361.300	-33340	-24877
3361.400	-46331	-27023
3361.500	-40166	-28338
3361.600	-35651	-29069
3361.700	-36464	-29808
3361.800	-34666	-30294
3361.900	-33772	-30642
3362.000	-35199	-31098
3362.100	-36221	-31610
3362.200	-47452	-33194
3362.300	-50834	-34958
3362.400	-53216	-36784
3362.500	-46063	-37712
3362.600	-40550	-37996
3362.700	-41350	-38332
3362.800	-40257	-38525
3362.900	-43119	-38985
3363.000	-50088	-40096
3363.100	-57590	-41846
3363.200	-60839	-43746
3363.300	-56819	-45054
3363.400	-50947	-45644
3363.500	-50327	-46113
3363.600	-50285	-46530
3363.700	-46712	-46548
3363.800	-49939	-46887
3363.900	-54384	-47637
3364.000	-61384	-49012
3364.100	-69984	-51109
3364.200	-76014	-53599
3364.300	-75829	-55822
3364.400	-77364	-57976
3364.500	-75937	-59773
3364.600	-75445	-61340
3364.700	-77270	-62933
3364.800	-81664	-64806
3364.900	-89080	-67234
3365.000	-99212	-70432
3365.100	-107311	-74120
3365.200	-109918	-77700
3365.300	-110390	-80969
3365.400	-109429	-83815
3365.500	-109600	-86394
3365.600	-109344	-88689
3365.700	-109601	-90780
3365.800	-110485	-92750
3365.900	-112680	-94743
3366.000	-119367	-97206
3366.100	-122451	-99731
3366.200	-122747	-102033
3366.300	-121025	-103932
3366.400	-121958	-105735
3366.500	-122505	-107412
3366.600	-121257	-108797
3366.700	-123372	-110255
3366.800	-124437	-111674
3366.900	-125419	-113049
3367.000	-126354	-114379
3367.100	-126794	-115620
3367.200	-126325	-116690
3367.300	-125744	-117595
3367.400	-126191	-118455
3367.500	-126046	-119215
3367.600	-126588	-119953
3367.700	-126487	-120607
3367.800	-126186	-121166
3367.900	-126585	-121708
3368.000	-127125	-122250
3368.100	-127241	-122749
3368.200	-127413	-123215
3368.300	-127408	-123635
3368.400	-127215	-123994
3368.500	-127208	-124316
3368.600	-127199	-124605
3368.700	-127201	-124865
3368.800	-127179	-125097
3368.900	-127260	-125314
3369.000	-127226	-125506
3369.100	-127391	-125695
3369.200	-127529	-125879
3369.300	-127330	-126024
3369.400	-122960	-125718
3369.500	-82158	-121362
3369.600	-45041	-113730
3369.700	-44735	-106830
3369.800	-46087	-100756
3369.900	-47008	-95382
3370.000	-47770	-90621
3370.100	-47940	-86353
3370.200	-48102	-82528
3370.300	-48503	-79125
3370.400	-48384	-76051
3370.500	-48107	-73257
3370.600	-47818	-70714
3370.700	-47085	-68352
3370.800	-46689	-66186
3370.900	-46623	-64230
3371.000	-46088	-62416
3371.100	-45810	-60756
3371.200	-46320	-59313
3371.300	-45803	-57962
3371.400	-45789	-56745
3371.500	-45900	-55661
3371.600	-46094	-54704
3371.700	-46214	-53855
3371.800	-46484	-53118
3371.900	-46513	-52457
3372.000	-46461	-51858
3372.100	-46892	-51361
3372.200	-47270	-50952
3372.300	-47030	-50560
3372.400	-47164	-50220
3372.500	-47196	-49918
3372.600	-46823	-49608
3372.700	-46917	-49339
3372.800	-46792	-49084
3372.900	-46377	-48814
3373.000	-46541	-48587
3373.100	-46599	-48389
3373.200	-46454	-48195
3373.300	-46861	-48062
3373.400	-46916	-47948
3373.500	-46592	-47812
3373.600	-46676	-47699
3373.700	-46724	-47601
3373.800	-46540	-47495
3373.900	-46709	-47417
3374.000	-46897	-47366
3374.100	-46619	-47292
3374.200	-46545	-47218
3374.300	-46503	-47146
3374.400	-46387	-47071
3374.500	-46821	-47046
3374.600	-46577	-47000
3374.700	-43851	-46685
3374.800	-45448	-46562
3374.900	-48849	-46791
3375.000	-44984	-46610
3375.100	-47701	-46719
3375.200	-46427	-46690
3375.300	-43992	-46420
3375.400	-46918	-46470
3375.500	-46136	-46437
3375.600	-40946	-45889
3375.700	-41161	-45416
3375.800	-31643	-44039
3375.900	-31152	-42750
3376.000	-31357	-41611
3376.100	-29934	-40443
3376.200	-28911	-39290
3376.300	-27236	-38085
3376.400	-28241	-37101
3376.500	-26926	-36084
3376.600	-16147	-34091
3376.700	-2740	-30956
3376.800	10354	-26826
3376.900	14990	-22645
3377.000	11145	-19266
3377.100	5430	-16797
3377.200	5106	-14607
3377.300	1921	-12955
3377.400	4614	-11199
3377.500	9634	-9116
3377.600	20140	-6191
3377.700	30354	-2537
3377.800	32915	1008
3377.900	32547	4162
3378.000	31235	6870
3378.100	26698	8853
3378.200	25245	10492
3378.300	26270	12070
3378.400	29368	13800
3378.500	36334	16053
3378.600	40618	18509
3378.700	38484	20506
3378.800	39364	22391
3378.900	35604	23712
3379.000	36845	25026
3379.100	35268	26050
3379.200	34847	26930
3379.300	39917	28229
3379.400	45142	29920
3379.500	50492	31977
3379.600	52984	34077
3379.700	51326	35802
3379.800	50783	37300
3379.900	49275	38498
3380.000	48667	39515
3380.100	48728	40436
3380.200	48392	41231
3380.300	51179	42226
3380.400	59479	43951
3380.500	62178	45774
3380.600	62379	47434
3380.700	61601	48850
3380.800	59913	49956
3380.900	57755	50736
3381.000	57106	51373
3381.100	57603	51995
3381.200	65905	53386
3381.300	70139	55061
3381.400	71026	56658
3381.500	71161	58108
3381.600	70890	59386
3381.700	69121	60359
3381.800	66868	61010
3381.900	67097	61619
3382.000	67179	62175
3382.100	70771	63034
3382.200	75479	64278
3382.300	78919	65742
3382.400	79790	67147
3382.500	77886	68221
3382.600	75380	68937
3382.700	75680	69611
3382.800	75033	70153
3382.900	76500	70787
3383.000	79104	71618
3383.100	79492	72405
3383.200	79657	73130
3383.300	79057	73723
3383.400	77690	74119
3383.500	80254	74732
3383.600	79414	75200
3383.700	78006	75481
3383.800	77897	75723
3383.900	77101	75860
3384.000	76538	75928
3384.100	77750	76110
3384.200	79386	76438
3384.300	78619	76656
3384.400	77538	76744
3384.500	76047	76674
3384.600	75615	76568
3384.700	76313	76542
3384.800	77026	76591
3384.900	76932	76625
3385.000	75986	76561
3385.100	75029	76408
3385.200	74559	76223
3385.300	74654	76065
3385.400	74824	75940
3385.500	75102	75856
3385.600	75005	75770
3385.700	73180	75511
3385.800	72460	75206
3385.900	72613	74946
3386.000	73328	74784
3386.100	73833	74688
3386.200	74158	74635
3386.300	74024	74573
3386.400	73360	74451
3386.500	72407	74247
3386.600	72096	74032
3386.700	53431	71972
3386.800	9284	65703
3386.900	-2023	58930
3387.000	-2680	52769
3387.100	-2523	47240
3387.200	-791	42437
3387.300	-113	38182
3387.400	-35	34360
3387.500	-613	30863
3387.600	-1557	27620
3387.700	-2412	24617
3387.800	-2817	21873
3387.900	-2495	19436
3388.000	-674	17425
3388.100	-85	15674
3388.200	-236	14082
3388.300	-931	12581
3388.400	-1837	11139
3388.500	-2554	9770
3388.600	-2651	8528
3388.700	-2087	7466
3388.800	-447	6674
3388.900	-130	5993
3389.000	2113	5604
