4271.700	-356	-109
4271.800	38	-94
4271.900	449	-40
4272.000	667	30
4272.100	60	33
4272.200	-438	-14
4272.300	-697	-83
4272.400	-617	-137
4272.500	-141	-137
4272.600	318	-91
4272.700	567	-26
4272.800	293	6
4272.900	-184	-14
4273.000	-508	-64
4273.100	-500	-108
4273.200	-196	-117
4273.300	242	-81
4273.400	545	-19
4273.500	586	41
4273.600	127	50
4273.700	-341	11
4273.800	-581	-48
4273.900	-462	-89
4274.000	-121	-92
4274.100	344	-49
4274.200	655	21
4274.300	612	80
4274.400	-140	58
4274.500	-453	6
4274.600	-469	-42
4274.700	-110	-49
4274.800	356	-9
4274.900	623	54
4275.000	609	110
4275.100	17	100
4275.200	-274	62
4275.300	-414	14
4275.400	-261	-13
4275.500	127	0
4275.600	468	47
4275.700	682	110
4275.800	498	149
4275.900	-229	111
4276.000	-509	49
4276.100	-424	1
4276.200	-110	-10
4276.300	327	24
4276.400	623	84
4276.500	609	137
4276.600	-154	107
4276.700	-443	52
4276.800	-403	6
4276.900	-210	-16
4277.000	126	-2
4277.100	492	47
4277.200	2414	283
4277.300	13670	1622
4277.400	14259	2886
4277.500	12615	3858
4277.600	15050	4977
4277.700	16736	6152
4277.800	17283	7265
4277.900	16102	8148
4278.000	11653	8498
4278.100	7135	8361
4278.200	2007	7726
4278.300	1693	7122
4278.400	1099	6520
4278.500	1498	6018
4278.600	757	5492
4278.700	-4480	4495
4278.800	-12906	2754
4278.900	-21157	363
4279.000	-23917	-2065
4279.100	-24275	-4287
4279.200	-24485	-6307
4279.300	-24271	-8103
4279.400	-23117	-9605
4279.500	-22348	-10880
4279.600	-22941	-12086
4279.700	-27393	-13616
4279.800	-29767	-15231
4279.900	-30153	-16724
4280.000	-29521	-18004
4280.100	-29768	-19181
4280.200	-29842	-20247
4280.300	-34909	-21713
4280.400	-40454	-23588
4280.500	-42058	-25435
4280.600	-41970	-27089
4280.700	-41081	-28488
4280.800	-40696	-29709
4280.900	-40556	-30794
4281.000	-40411	-31756
4281.100	-42328	-32813
4281.200	-42708	-33803
4281.300	-43443	-34768
4281.400	-43976	-35689
4281.500	-42383	-36358
4281.600	-43429	-37065
4281.700	-46137	-37973
4281.800	-47879	-38964
4281.900	-51913	-40260
4282.000	-55736	-41808
4282.100	-58156	-43443
4282.200	-59425	-45042
4282.300	-59414	-46480
4282.400	-60261	-47858
4282.500	-60748	-49147
4282.600	-59456	-50178
4282.700	-61619	-51322
4282.800	-62026	-52393
4282.900	-64508	-53605
4283.000	-64761	-54721
4283.100	-63526	-55602
4283.200	-64346	-56477
4283.300	-66634	-57493
4283.400	-69413	-58686
4283.500	-82129	-61030
4283.600	-90022	-63929
4283.700	-98927	-67429
4283.800	-104985	-71185
4283.900	-108206	-74888
4284.000	-111215	-78521
4284.100	-113082	-81977
4284.200	-114835	-85263
4284.300	-116314	-88369
4284.400	-116187	-91151
4284.500	-117170	-93753
4284.600	-118006	-96179
4284.700	-118143	-98376
4284.800	-119050	-100443
4284.900	-120009	-102400
4285.000	-121311	-104291
4285.100	-122918	-106154
4285.200	-123830	-107922
4285.300	-124531	-109583
4285.400	-125116	-111137
4285.500	-125335	-112557
4285.600	-125388	-113840
4285.700	-125383	-114994
4285.800	-125344	-116030
4285.900	-125329	-116960
4286.000	-125259	-117790
4286.100	-125195	-118531
4286.200	-125184	-119197
4286.300	-125156	-119793
4286.400	-125133	-120328
4286.500	-125130	-120808
4286.600	-125130	-121240
4286.700	-124987	-121615
4286.800	-124937	-121948
4286.900	-125003	-122254
4287.000	-124974	-122527
4287.100	-124976	-122772
4287.200	-125059	-123001
4287.300	-124864	-123188
4287.400	-124870	-123356
4287.500	-124985	-123519
4287.600	-124878	-123655
4287.700	-124930	-123783
4287.800	-124955	-123901
4287.900	-124183	-123930
4288.000	-63232	-117860
4288.100	-46189	-110693
4288.200	-44990	-104123
4288.300	-44050	-98116
4288.400	-44037	-92708
4288.500	-45855	-88023
4288.600	-46207	-83842
4288.700	-45731	-80031
4288.800	-47774	-76806
4288.900	-47247	-73850
4289.000	-47114	-71177
4289.100	-47904	-68850
4289.200	-47605	-66726
4289.300	-46632	-64716
4289.400	-46823	-62926
4289.500	-46059	-61239
4289.600	-45810	-59696
4289.700	-46107	-58337
4289.800	-45548	-57058
4289.900	-44732	-55825
4290.000	-45295	-54773
4290.100	-45626	-53859
4290.200	-45084	-52982
4290.300	-45879	-52272
4290.400	-45694	-51615
4290.500	-45423	-50996
4290.600	-46120	-50508
4290.700	-46426	-50100
4290.800	-45980	-49688
4290.900	-46202	-49339
4291.000	-46726	-49078
4291.100	-46210	-48791
4291.200	-46671	-48579
4291.300	-46533	-48374
4291.400	-45863	-48124
4291.500	-45997	-47912
4291.600	-46066	-47728
4291.700	-45668	-47522
4291.800	-45994	-47370
4291.900	-45671	-47200
4292.000	-45257	-47006
4292.100	-45736	-46879
4292.200	-45602	-46751
4292.300	-44274	-46504
4292.400	-43763	-46230
4292.500	-43872	-45994
4292.600	-35647	-44960
4292.700	-28603	-43324
4292.800	-24594	-41452
4292.900	-17367	-39044
4293.000	-8704	-36011
4293.100	-6171	-33027
4293.200	-1947	-29919
4293.300	4674	-26460
4293.400	6028	-23211
4293.500	10339	-19856
4293.600	11593	-16711
4293.700	13428	-13697
4293.800	17394	-10588
4293.900	18200	-7709
4294.000	20405	-4898
4294.100	24549	-1953
4294.200	25687	810
4294.300	30144	3743
4294.400	32943	6663
4294.500	35475	9544
4294.600	39022	12492
4294.700	38947	15138
4294.800	38050	17429
4294.900	42138	19900
4295.000	41642	22074
4295.100	43511	24218
4295.200	45147	26310
4295.300	44686	28147
4295.400	45679	29900
4295.500	47867	31696
4295.600	47174	33243
4295.700	48767	34796
4295.800	48298	36146
4295.900	47620	37293
4296.000	49654	38529
4296.100	49386	39614
4296.200	48199	40473
4296.300	49983	41424
4296.400	54420	42724
4296.500	56767	44128
4296.600	59310	45646
4296.700	60957	47176
4296.800	62429	48701
4296.900	63377	50168
4297.000	63775	51528
4297.100	65379	52913
4297.200	66309	54253
4297.300	67374	55565
4297.400	68035	56811
4297.500	68629	57993
4297.600	69453	59139
4297.700	70203	60245
4297.800	70365	61256
4297.900	71085	62238
4298.000	71990	63213
4298.100	72816	64173
4298.200	74145	65170
4298.300	74786	66131
4298.400	75378	67056
4298.500	76843	68034
4298.600	78146	69045
4298.700	81842	70324
4298.800	82144	71506
4298.900	81347	72490
4299.000	81001	73341
4299.100	81516	74158
4299.200	81124	74854
4299.300	80700	75439
4299.400	80718	75967
4299.500	80035	76373
4299.600	80289	76765
4299.700	80143	77102
4299.800	79405	77332
4299.900	79520	77551
4300.000	79653	77761
4300.100	78886	77873
4300.200	77872	77873
4300.300	77474	77833
4300.400	76560	77706
4300.500	76613	77596
4300.600	77192	77555
4300.700	76785	77477
4300.800	75448	77274
4300.900	75993	77146
4301.000	75316	76962
4301.100	74121	76678
4301.200	73936	76403
4301.300	74503	76213
4301.400	74126	76004
4301.500	73998	75804
4301.600	74626	75686
4301.700	73049	75422
4301.800	73259	75206
4301.900	73658	75051
4302.000	73205	74866
4302.100	73517	74730
4302.200	74354	74692
4302.300	73862	74609
4302.400	72873	74435
4302.500	73241	74315
4302.600	72885	74171
4302.700	73298	74084
4302.800	73849	74061
4302.900	73334	73988
4303.000	72743	73863
4303.100	73026	73779
4303.200	72556	73656
4303.300	72868	73577
4303.400	73209	73540
4303.500	72604	73446
4303.600	72086	73309
4303.700	72233	73201
4303.800	71945	73075
4303.900	71665	72933
4304.000	72365	72876
4304.100	71727	72760
4304.200	71472	72631
4304.300	71495	72517
4304.400	71075	72372
4304.500	70899	72225
4304.600	71471	72149
4304.700	70834	72017
4304.800	52591	70074
4304.900	10867	64154
4305.000	1023	57841
4305.100	600	52117
4305.200	-229	46882
4305.300	-1076	42086
4305.400	-1533	37724
4305.500	-752	33877
4305.600	177	30506
4305.700	763	27531
4305.800	785	24856
4305.900	227	22392
4306.000	-659	20087
4306.100	-1382	17940
4306.200	-1581	15988
4306.300	-203	14368
