1279.600	-8	10
1279.700	30	12
1279.800	43	15
1279.900	98	23
1280.000	73	28
1280.100	-15	23
1280.200	-19	19
1280.300	-43	12
1280.400	-57	5
1280.500	-31	1
1280.600	-57	-5
1280.700	-78	-13
1280.800	-13	-14
1280.900	3	-13
1281.000	27	-10
1281.100	-8	-10
1281.200	23	-7
1281.300	56	-1
1281.400	-16	-3
1281.500	16	-2
1281.600	12	-1
1281.700	-34	-5
1281.800	21	-3
1281.900	56	2
1282.000	48	7
1282.100	33	9
1282.200	35	11
1282.300	58	16
1282.400	-72	7
1282.500	-32	3
1282.600	-61	-3
1282.700	-42	-7
1282.800	-13	-8
1282.900	-89	-16
1283.000	-100	-24
1283.100	-77	-30
1283.200	-81	-35
1283.300	-72	-39
1283.400	-19	-37
1283.500	3	-33
1283.600	0	-30
1283.700	-13	-28
1283.800	22	-23
1283.900	8	-20
1284.000	-15	-20
1284.100	-41	-22
1284.200	-21	-22
1284.300	-35	-24
1284.400	-32	-25
1284.500	-21	-25
1284.600	12	-22
1284.700	23	-18
1284.800	-6	-17
1284.900	-11	-16
1285.000	34	-11
1285.100	14	-9
1285.200	41	-4
1285.300	4	-4
1285.400	63	2
1285.500	46	6
1285.600	53	10
1285.700	54	14
1285.800	21	15
1285.900	-30	10
1286.000	-21	7
1286.100	-30	3
1286.200	-7	2
1286.300	-34	-2
1286.400	-22	-4
1286.500	-11	-5
1286.600	16	-4
1286.700	22	-2
1286.800	82	6
1286.900	58	11
1287.000	53	15
1287.100	94	22
1287.200	108	31
1287.300	55	33
1287.400	23	32
1287.500	32	32
1287.600	40	33
1287.700	46	34
1287.800	29	34
1287.900	38	35
1288.000	60	37
1288.100	87	42
1288.200	36	41
1288.300	38	41
1288.400	59	43
1288.500	42	43
1288.600	60	45
1288.700	60	46
1288.800	30	44
1288.900	24	42
1289.000	46	42
1289.100	48	43
1289.200	31	42
1289.300	23	40
1289.400	24	38
1289.500	5	34
1289.600	45	35
1289.700	52	36
1289.800	57	38
1289.900	66	40
1290.000	85	44
1290.100	68	47
1290.200	74	49
1290.300	98	54
1290.400	70	56
1290.500	20	52
1290.600	-12	46
1290.700	63	47
1290.800	20	44
1290.900	67	46
1291.000	123	53
1291.100	86	56
1291.200	57	56
1291.300	47	54
1291.400	76	56
1291.500	-22	48
1291.600	-9	42
1291.700	15	39
1291.800	19	37
1291.900	32	36
1292.000	-7	31
1292.100	-87	19
1292.200	-36	13
1292.300	-26	9
1292.400	-42	4
1292.500	-47	-1
1292.600	-63	-8
1292.700	-7	-8
1292.800	9	-6
1292.900	58	1
1293.000	53	6
1293.100	88	14
1293.200	27	16
1293.300	-12	13
1293.400	11	13
1293.500	87	20
1293.600	13	19
1293.700	-40	13
1293.800	-1	12
1293.900	7	12
1294.000	7	12
1294.100	13	12
1294.200	59	17
1294.300	79	23
1294.400	28	24
1294.500	41	26
1294.600	-13	22
1294.700	-6	19
1294.800	13	18
1294.900	-9	15
1295.000	29	16
1295.100	56	19
1295.200	35	20
1295.300	2	18
1295.400	-77	8
1295.500	-22	5
1295.600	62	10
1295.700	6	9
1295.800	-76	0
1295.900	-54	-6
1296.000	14	-4
1296.100	-28	-7
1296.200	-73	-14
1296.300	-27	-16
1296.400	-19	-16
1296.500	30	-11
1296.600	40	-6
1296.700	-35	-9
1296.800	-5	-9
1296.900	3	-8
1297.000	7	-6
1297.100	19	-3
1297.200	28	0
1297.300	30	3
1297.400	59	9
1297.500	28	11
1297.600	-52	5
1297.700	-54	-2
1297.800	-7	-3
1297.900	26	-1
1298.000	81	7
1298.100	72	13
1298.200	67	18
1298.300	37	20
1298.400	22	20
1298.500	17	20
1298.600	-25	15
1298.700	-45	8
1298.800	4	7
1298.900	38	10
1299.000	10	10
1299.100	-30	6
1299.200	-27	2
1299.300	10	3
1299.400	41	7
1299.500	73	13
1299.600	89	21
1299.700	74	26
1299.800	11	24
1299.900	6	22
1300.000	37	24
1300.100	74	29
1300.200	60	32
1300.300	22	31
1300.400	-12	27
1300.500	-62	18
1300.600	-48	11
1300.700	-13	8
1300.800	-16	5
1300.900	-10	3
1301.000	4	3
1301.100	-7	2
1301.200	-4	1
1301.300	-21	-1
1301.400	-35	-5
1301.500	-68	-12
1301.600	-65	-18
1301.700	-67	-23
1301.800	-73	-28
1301.900	-6	-26
1302.000	8	-22
1302.100	-42	-24
1302.200	-19	-24
1302.300	-26	-25
1302.400	-36	-27
1302.500	-19	-26
1302.600	-45	-28
1302.700	-43	-30
1302.800	-46	-32
1302.900	5	-29
1303.000	14	-25
1303.100	-4	-24
1303.200	-10	-23
1303.300	-48	-26
1303.400	-64	-30
1303.500	-69	-34
1303.600	-27	-34
1303.700	-33	-34
1303.800	-12	-32
1303.900	-31	-32
1304.000	-12	-30
1304.100	-4	-28
1304.200	-43	-30
1304.300	-16	-29
1304.400	-1	-26
1304.500	-39	-27
1304.600	27	-22
1304.700	18	-18
1304.800	-35	-20
1304.900	-20	-20
1305.000	20	-16
1305.100	-67	-21
1305.200	-47	-24
1305.300	-34	-26
1305.400	-9	-24
1305.500	-5	-23
1305.600	-3	-22
1305.700	-10	-21
1305.800	-44	-24
1305.900	-39	-26
1306.000	-74	-31
1306.100	-43	-32
1306.200	-54	-35
1306.300	-71	-39
1306.400	-43	-40
1306.500	-11	-37
1306.600	-26	-36
1306.700	-72	-39
1306.800	-98	-45
1306.900	-62	-47
1307.000	-4	-43
1307.100	-42	-43
1307.200	-78	-47
1307.300	-71	-49
1307.400	-48	-49
1307.500	-87	-53
1307.600	-40	-52
1307.700	-80	-55
1307.800	-104	-61
1307.900	-83	-64
1308.000	-103	-68
1308.100	-84	-70
1308.200	-32	-66
1308.300	-44	-64
1308.400	-93	-68
1308.500	-24	-64
1308.600	-33	-62
1308.700	-51	-61
1308.800	-86	-64
1308.900	-18	-60
1309.000	-65	-61
1309.100	-46	-60
1309.200	-14	-56
1309.300	-7	-51
1309.400	-44	-51
1309.500	-31	-49
1309.600	13	-43
1309.700	-12	-40
1309.800	40	-32
1309.900	90	-20
1310.000	56	-13
1310.100	71	-5
1310.200	80	3
1310.300	19	5
1310.400	39	8
1310.500	-15	5
1310.600	-8	3
1310.700	-37	-1
1310.800	-30	-4
1310.900	12	-3
1311.000	-26	-6
1311.100	-25	-8
1311.200	17	-6
1311.300	25	-3
1311.400	55	2
1311.500	29	5
1311.600	54	9
1311.700	-16	6
1311.800	-48	0
1311.900	-73	-8
1312.000	-49	-12
1312.100	-55	-17
1312.200	-53	-20
1312.300	-35	-22
1312.400	-16	-22
1312.500	-45	-25
1312.600	-57	-29
1312.700	-27	-29
1312.800	-35	-30
1312.900	-1	-27
1313.000	-32	-27
1313.100	-40	-28
1313.200	-57	-31
1313.300	-42	-32
1313.400	-81	-37
1313.500	-8	-34
1313.600	-46	-36
1313.700	-59	-38
1313.800	-32	-37
1313.900	-14	-35
1314.000	16	-31
1314.100	0	-28
1314.200	-49	-30
1314.300	-33	-30
1314.400	38	-23
1314.500	19	-19
1314.600	-50	-22
1314.700	-40	-24
1314.800	-79	-30
1314.900	-80	-35
1315.000	-69	-39
1315.100	-35	-39
1315.200	-29	-38
1315.300	-29	-37
1315.400	-33	-36
1315.500	-49	-37
1315.600	-65	-40
1315.700	-83	-44
1315.800	-49	-45
1315.900	-66	-48
1316.000	-97	-53
1316.100	-96	-58
1316.200	-61	-58
1316.300	-81	-60
1316.400	-78	-62
1316.500	-87	-65
1316.600	-55	-65
1316.700	-30	-62
1316.800	-4	-57
1316.900	-20	-53
1317.000	-79	-56
1317.100	-15	-52
1317.200	52	-42
1317.300	36	-35
1317.400	-2	-32
1317.500	-7	-30
1317.600	-5	-28
1317.700	-38	-29
1317.800	-36	-30
1317.900	-15	-29
1318.000	-78	-34
1318.100	-30	-34
1318.200	-25	-34
1318.300	-50	-36
1318.400	-73	-40
1318.500	-29	-39
1318.600	52	-30
1318.700	24	-25
1318.800	26	-21
1318.900	-17	-21
1319.000	-10	-20
1319.100	-5	-19
1319.200	4	-17
1319.300	35	-12
1319.400	30	-8
1319.500	-2	-7
1319.600	-35	-10
1319.700	-40	-13
1319.800	-69	-19
1319.900	-46	-22
1320.000	-50	-25
1320.100	12	-22
1320.200	79	-12
1320.300	-6	-12
1320.400	4	-11
1320.500	9	-9
1320.600	16	-7
1320.700	-27	-9
1320.800	-31	-11
1320.900	-30	-13
1321.000	-40	-16
1321.100	-17	-16
1321.200	2	-14
1321.300	-48	-18
1321.400	-10	-17
1321.500	-17	-17
1321.600	-24	-18
1321.700	-14	-18
1321.800	-31	-19
1321.900	-4	-18
1322.000	-8	-17
1322.100	-42	-19
1322.200	-63	-24
1322.300	-36	-26
1322.400	-40	-27
1322.500	-25	-27
1322.600	-40	-28
1322.700	-83	-34
1322.800	-41	-35
1322.900	-45	-37
1323.000	-53	-38
1323.100	-44	-39
1323.200	-103	-46
1323.300	-103	-52
1323.400	-98	-57
1323.500	-118	-63
1323.600	-114	-69
1323.700	-109	-73
1323.800	-122	-78
1323.900	-124	-83
1324.000	-200	-95
1324.100	-186	-105
1324.200	-192	-114
1324.300	-197	-123
1324.400	-205	-132
1324.500	-151	-134
1324.600	-128	-134
1324.700	-79	-129
1324.800	-86	-125
1324.900	-38	-117
1325.000	-4	-106
1325.100	-22	-97
1325.200	-52	-92
1325.300	-79	-91
1325.400	-107	-93
1325.500	-169	-101
1325.600	-191	-110
1325.700	-166	-116
1325.800	-193	-124
1325.900	-182	-130
1326.000	-111	-128
1326.100	-129	-128
1326.200	-170	-132
1326.300	-163	-136
1326.400	-79	-130
1326.500	-137	-131
1326.600	-157	-134
1326.700	-142	-135
1326.800	-184	-141
1326.900	-122	-139
1327.000	-105	-136
1327.100	-103	-132
1327.200	-17	-121
1327.300	2	-109
1327.400	-42	-102
1327.500	13	-91
1327.600	53	-77
1327.700	23	-67
1327.800	26	-58
1327.900	-26	-55
1328.000	-69	-57
1328.100	-77	-59
1328.200	-6	-54
1328.300	6	-49
1328.400	4	-44
1328.500	-21	-42
1328.600	-8	-39
1328.700	-13	-36
1328.800	28	-29
1328.900	-12	-27
1329.000	32	-21
1329.100	11	-18
1329.200	4	-16
1329.300	-24	-17
1329.400	-43	-20
1329.500	-66	-25
1329.600	-87	-32
1329.700	-75	-37
1329.800	-116	-45
1329.900	-55	-47
1330.000	-43	-46
1330.100	-80	-49
1330.200	-125	-57
1330.300	-66	-58
1330.400	-19	-54
1330.500	-70	-56
1330.600	-56	-56
1330.700	-40	-54
1330.800	-70	-56
1330.900	-63	-56
1331.000	-36	-54
1331.100	-18	-51
1331.200	26	-44
1331.300	8	-39
1331.400	-37	-39
1331.500	-67	-42
1331.600	5	-38
1331.700	-26	-37
1331.800	-25	-36
1331.900	5	-32
1332.000	22	-27
1332.100	45	-20
1332.200	4	-18
1332.300	6	-16
1332.400	-87	-23
1332.500	-18	-23
1332.600	-7	-22
1332.700	-46	-25
1332.800	-30	-26
1332.900	-46	-28
1333.000	-79	-33
1333.100	-52	-35
1333.200	-14	-34
1333.300	15	-30
1333.400	26	-25
1333.500	27	-20
1333.600	-25	-21
1333.700	-25	-22
1333.800	3	-20
1333.900	9	-17
1334.000	-8	-16
1334.100	-69	-21
1334.200	-73	-26
1334.300	-26	-26
1334.400	-3	-24
1334.500	-31	-25
1334.600	-41	-27
1334.700	-26	-27
1334.800	-4	-25
1334.900	17	-22
1335.000	36	-17
1335.100	37	-12
1335.200	22	-9
1335.300	-77	-16
1335.400	-37	-18
1335.500	-45	-21
1335.600	-44	-24
1335.700	-40	-26
1335.800	-54	-29
1335.900	-76	-34
1336.000	-67	-38
1336.100	-66	-41
1336.200	-57	-43
1336.300	-104	-50
1336.400	-42	-49
1336.500	-29	-47
1336.600	-35	-46
1336.700	-54	-47
1336.800	-29	-45
1336.900	-26	-44
1337.000	-98	-50
1337.100	-131	-58
1337.200	-22	-54
1337.300	-1	-49
1337.400	-4	-45
1337.500	-28	-44
1337.600	-117	-52
1337.700	-93	-56
1337.800	-105	-61
1337.900	-65	-62
1338.000	-30	-59
1338.100	-102	-63
1338.200	-165	-74
1338.300	-136	-81
1338.400	-138	-87
1338.500	-143	-92
1338.600	-144	-98
1338.700	-103	-98
1338.800	-77	-96
1338.900	-34	-90
1339.000	-35	-85
1339.100	-48	-82
1339.200	-92	-83
1339.300	-168	-92
1339.400	-126	-96
1339.500	-82	-94
1339.600	-121	-97
1339.700	-125	-100
1339.800	-47	-95
1339.900	-36	-90
1340.000	-68	-88
1340.100	-75	-87
1340.200	-110	-89
1340.300	-78	-88
1340.400	-78	-87
1340.500	-87	-87
1340.600	-137	-92
1340.700	-135	-97
1340.800	-88	-96
1340.900	-75	-94
1341.000	-69	-92
1341.100	-88	-92
1341.200	-114	-95
1341.300	-111	-97
1341.400	-67	-94
1341.500	9	-84
1341.600	-10	-77
1341.700	-17	-71
1341.800	-14	-66
1341.900	39	-55
1342.000	42	-46
1342.100	14	-40
1342.200	-15	-38
1342.300	-29	-37
1342.400	-43	-38
1342.500	-23	-36
1342.600	20	-30
1342.700	-8	-28
1342.800	23	-23
1342.900	75	-14
1343.000	16	-12
1343.100	21	-9
1343.200	43	-4
1343.300	32	-1
1343.400	-10	-2
1343.500	33	1
1343.600	43	5
1343.700	14	5
1343.800	0	4
1343.900	-2	4
1344.000	-40	0
1344.100	-35	-4
1344.200	-29	-7
1344.300	14	-5
1344.400	39	-1
1344.500	64	5
1344.600	-7	3
1344.700	54	8
1344.800	64	13
1344.900	38	16
1345.000	93	23
1345.100	51	26
1345.200	29	26
1345.300	68	30
1345.400	48	32
1345.500	35	32
1345.600	-40	25
1345.700	17	24
1345.800	49	27
1345.900	26	26
1346.000	42	27
1346.100	70	31
1346.200	80	36
1346.300	47	36
1346.400	-6	31
1346.500	-13	26
1346.600	-41	19
1346.700	-38	13
1346.800	14	13
1346.900	-37	8
1347.000	-43	2
1347.100	-34	-2
1347.200	15	-1
1347.300	80	7
1347.400	22	8
1347.500	0	7
1347.600	-17	4
1347.700	-3	4
1347.800	25	6
1347.900	15	6
1348.000	24	7
1348.100	-9	5
1348.200	11	5
1348.300	39	8
1348.400	24	9
1348.500	9	9
1348.600	-28	5
1348.700	-31	1
1348.800	-45	-4
1348.900	-52	-9
1349.000	-28	-11
1349.100	-32	-13
1349.200	32	-9
1349.300	9	-7
1349.400	36	-3
1349.500	-3	-4
1349.600	-49	-9
1349.700	-93	-18
1349.800	-78	-24
1349.900	-74	-30
1350.000	-79	-35
1350.100	-40	-36
1350.200	5	-32
1350.300	-31	-32
1350.400	-78	-37
1350.500	-69	-40
1350.600	-9	-37
1350.700	-96	-43
1350.800	-39	-43
1350.900	-56	-45
1351.000	-82	-49
1351.100	-57	-50
1351.200	-95	-55
1351.300	-87	-59
1351.400	-69	-60
1351.500	-46	-59
1351.600	-8	-54
1351.700	-77	-57
1351.800	-102	-61
1351.900	-96	-65
1352.000	-43	-64
1352.100	-34	-62
1352.200	-20	-58
1352.300	12	-51
1352.400	35	-43
1352.500	14	-38
1352.600	9	-33
1352.700	-54	-36
1352.800	-123	-44
1352.900	-72	-47
1353.000	-7	-43
1353.100	-24	-42
1353.200	-109	-49
1353.300	-123	-56
1353.400	-82	-58
1353.500	-145	-67
1353.600	-111	-71
1353.700	-77	-72
1353.800	-133	-78
1353.900	-128	-83
1354.000	-81	-83
1354.100	-136	-89
1354.200	-128	-93
1354.300	-165	-101
1354.400	-84	-100
1354.500	-29	-93
1354.600	-90	-93
1354.700	-67	-91
1354.800	-6	-83
1354.900	-21	-77
1355.000	-89	-78
1355.100	-87	-79
1355.200	-105	-82
1355.300	-116	-86
1355.400	-147	-92
1355.500	-144	-98
1355.600	-100	-98
1355.700	-88	-97
1355.800	-122	-99
1355.900	-106	-100
1356.000	-86	-99
1356.100	-100	-99
1356.200	-88	-98
1356.300	-77	-96
1356.400	-78	-94
1356.500	-71	-92
1356.600	-129	-96
1356.700	-102	-96
1356.800	-49	-91
1356.900	-61	-88
1357.000	-91	-88
1357.100	-66	-86
1357.200	-44	-82
1357.300	-69	-81
1357.400	-84	-82
1357.500	-35	-78
1357.600	-105	-81
1357.700	-107	-84
1357.800	-113	-88
1357.900	-79	-87
1358.000	-71	-85
1358.100	-99	-87
1358.200	-72	-85
1358.300	24	-75
1358.400	-25	-71
1358.500	-64	-71
1358.600	-51	-69
1358.700	-57	-68
1358.800	-39	-65
1358.900	-56	-65
1359.000	11	-58
1359.100	8	-51
1359.200	17	-44
1359.300	6	-40
1359.400	-23	-38
1359.500	74	-27
1359.600	30	-21
1359.700	24	-17
1359.800	26	-13
1359.900	-30	-15
1360.000	21	-12
1360.100	1	-11
1360.200	1	-10
1360.300	-20	-11
1360.400	-98	-20
1360.500	-49	-23
1360.600	-64	-28
1360.700	-79	-33
1360.800	-37	-34
1360.900	-41	-35
1361.000	-61	-38
1361.100	-114	-46
1361.200	-80	-49
1361.300	-43	-48
1361.400	-51	-48
1361.500	-97	-53
1361.600	-40	-52
1361.700	0	-47
1361.800	-66	-49
1361.900	-56	-50
1362.000	-103	-56
1362.100	-11	-51
1362.200	21	-44
1362.300	15	-39
1362.400	52	-30
1362.500	66	-21
1362.600	65	-13
1362.700	30	-9
1362.800	6	-8
1362.900	-41	-11
1363.000	-79	-18
1363.100	-51	-21
1363.200	-7	-20
1363.300	-11	-19
1363.400	33	-14
1363.500	-59	-19
1363.600	-35	-21
1363.700	3	-19
1363.800	-11	-18
1363.900	9	-15
1364.000	-8	-15
1364.100	-4	-15
1364.200	6	-14
1364.300	1	-13
1364.400	-8	-13
1364.500	-12	-13
1364.600	64	-6
1364.700	133	8
1364.800	92	16
1364.900	65	20
1365.000	24	20
1365.100	55	23
1365.200	42	25
1365.300	-16	20
1365.400	19	20
1365.500	53	23
1365.600	49	26
1365.700	26	25
1365.800	92	31
1365.900	11	29
1366.000	-12	25
1366.100	57	28
1366.200	46	29
1366.300	-6	25
1366.400	-33	18
1366.500	-3	16
1366.600	-51	9
1366.700	-104	-3
1366.800	-31	-6
1366.900	18	-3
1367.000	31	0
1367.100	-46	-5
1367.200	-16	-7
1367.300	64	0
1367.400	36	3
1367.500	35	6
1367.600	42	9
1367.700	42	12
1367.800	-21	9
1367.900	-27	5
1368.000	34	7
1368.100	7	6
1368.200	-14	3
1368.300	-22	1
1368.400	28	4
1368.500	64	10
1368.600	18	11
1368.700	-11	9
1368.800	16	9
1368.900	-3	8
1369.000	30	10
1369.100	-8	8
1369.200	-1	7
1369.300	32	9
1369.400	43	12
1369.500	40	15
1369.600	154	28
1369.700	122	37
1369.800	30	36
1369.900	1	32
1370.000	1	29
1370.100	-31	23
1370.200	-92	12
1370.300	-115	-1
1370.400	-40	-5
1370.500	-77	-13
1370.600	-32	-15
1370.700	-54	-20
1370.800	-59	-24
1370.900	-15	-24
1371.000	15	-21
1371.100	60	-13
1371.200	37	-8
1371.300	-18	-9
1371.400	10	-7
1371.500	29	-3
1371.600	-51	-8
1371.700	-55	-13
1371.800	-1	-12
1371.900	-81	-19
1372.000	3	-17
1372.100	21	-13
1372.200	37	-8
1372.300	-18	-9
1372.400	10	-7
1372.500	59	0
1372.600	39	4
1372.700	20	6
1372.800	-28	2
1372.900	-58	-4
1373.000	13	-3
1373.100	25	-1
1373.200	23	1
1373.300	53	6
1373.400	122	17
1373.500	110	26
1373.600	105	33
1373.700	40	34
1373.800	1	31
1373.900	-48	23
1374.000	-38	17
1374.100	-24	12
1374.200	-1	11
1374.300	82	18
1374.400	88	25
1374.500	53	27
1374.600	91	33
1374.700	75	37
1374.800	-22	31
1374.900	91	37
1375.000	108	44
1375.100	91	49
1375.200	59	50
1375.300	30	48
1375.400	39	47
1375.500	-23	40
1375.600	-109	25
1375.700	-146	7
1375.800	-113	-6
1375.900	-144	-20
1376.000	-113	-30
1376.100	-118	-39
1376.200	-152	-50
1376.300	-233	-68
1376.400	-122	-73
1376.500	-60	-72
1376.600	-23	-68
1376.700	-35	-65
1376.800	-47	-64
1376.900	-41	-62
1377.000	-8	-57
1377.100	56	-46
1377.200	-57	-47
1377.300	-8	-43
1377.400	-25	-42
1377.500	-26	-41
1377.600	16	-36
1377.700	-16	-34
1377.800	-12	-32
1377.900	20	-27
1378.000	22	-22
1378.100	14	-19
1378.200	-24	-20
1378.300	-59	-24
1378.400	-13	-24
1378.500	4	-22
1378.600	42	-16
1378.700	35	-11
1378.800	41	-6
1378.900	78	3
1379.000	79	11
1379.100	103	20
1379.200	85	26
1379.300	52	28
1379.400	38	29
1379.500	-1	26
1379.600	2	23
1379.700	39	25
1379.800	55	27
1379.900	32	27
1380.000	6	24
1380.100	-4	21
1380.200	3	19
1380.300	58	23
1380.400	17	22
1380.500	-5	19
1380.600	15	18
1380.700	14	17
1380.800	44	19
1380.900	61	23
1381.000	9	22
1381.100	42	24
1381.200	28	25
1381.300	22	24
1381.400	18	24
1381.500	27	24
1381.600	33	25
1381.700	-17	20
1381.800	14	19
1381.900	20	19
1382.000	17	18
1382.100	73	23
1382.200	37	24
1382.300	-3	22
1382.400	-55	14
1382.500	-43	8
1382.600	-77	-1
1382.700	-131	-14
1382.800	-145	-28
1382.900	-122	-37
1383.000	-93	-42
1383.100	-101	-48
1383.200	-95	-53
1383.300	-64	-55
1383.400	21	-48
1383.500	-22	-45
1383.600	-39	-45
1383.700	-57	-47
1383.800	-81	-50
1383.900	-98	-55
1384.000	-144	-65
1384.100	-197	-79
1384.200	-179	-89
1384.300	-103	-90
1384.400	-122	-93
1384.500	-82	-92
1384.600	-64	-90
1384.700	-130	-94
1384.800	-22	-87
1384.900	0	-78
1385.000	-4	-71
1385.100	-72	-71
1385.200	-96	-74
1385.300	3	-67
1385.400	3	-60
1385.500	-22	-56
1385.600	24	-48
1385.700	-18	-45
1385.800	-42	-45
1385.900	-32	-44
1386.000	34	-37
1386.100	55	-28
1386.200	76	-18
1386.300	142	-2
1386.400	-4	-3
1386.500	-61	-9
1386.600	-34	-12
1386.700	-74	-19
1386.800	-115	-29
1386.900	-65	-33
1387.000	12	-29
1387.100	36	-23
1387.200	-5	-22
1387.300	-17	-22
1387.400	62	-14
1387.500	43	-9
1387.600	14	-7
1387.700	-15	-8
1387.800	1	-7
1387.900	24	-4
1388.000	72	3
1388.100	89	12
