4888.500	3137	2265
4888.600	-3608	1678
4888.700	-7369	773
4888.800	-6177	78
4888.900	-616	8
4889.000	6273	634
4889.100	10950	1666
4889.200	6735	2172
4889.300	64	1961
4889.400	-5541	1211
4889.500	-7110	379
4889.600	-3809	-40
4889.700	2661	230
4889.800	8801	1087
4889.900	11451	2123
4890.000	3960	2307
4890.100	-2559	1820
4890.200	-6570	981
4890.300	-5877	295
4890.400	-867	179
4890.500	5690	730
4890.600	10409	1698
4890.700	7263	2254
4890.800	916	2120
4890.900	-4647	1443
4891.000	-6602	639
4891.100	-3841	191
4891.200	2125	384
4891.300	8143	1160
4891.400	11153	2159
4891.500	4533	2396
4891.600	-1732	1983
4891.700	-5921	1193
4891.800	-5735	500
4891.900	-1273	322
4892.000	5010	791
4892.100	9829	1695
4892.200	10813	2607
4892.300	1847	2530
4892.400	-1141	2163
4892.500	1891	2136
4892.600	4833	2405
4892.700	14245	3589
4892.800	30166	6246
4892.900	31471	8768
4893.000	22425	10133
4893.100	24831	11603
4893.200	25900	13033
4893.300	33150	15045
4893.400	38358	17377
4893.500	32809	18920
4893.600	27322	19760
4893.700	24957	20279
4893.800	18168	20067
4893.900	17014	19761
4894.000	12167	19001
4894.100	7343	17835
4894.200	4871	16539
4894.300	2692	15154
4894.400	-649	13574
4894.500	-8748	11342
4894.600	-13913	8816
4894.700	-16238	6310
4894.800	-15886	4090
4894.900	-17122	1969
4895.000	-19550	-183
4895.100	-19866	-2152
4895.200	-19673	-3905
4895.300	-20541	-5568
4895.400	-19633	-6975
4895.500	-21568	-8434
4895.600	-23011	-9892
4895.700	-22661	-11169
4895.800	-25121	-12564
4895.900	-28608	-14169
4896.000	-31757	-15928
4896.100	-34596	-17795
4896.200	-35519	-19567
4896.300	-37783	-21389
4896.400	-39660	-23216
4896.500	-39418	-24836
4896.600	-39105	-26263
4896.700	-39793	-27617
4896.800	-38840	-28739
4896.900	-40217	-29887
4897.000	-40471	-30945
4897.100	-40889	-31939
4897.200	-43325	-33078
4897.300	-46585	-34429
4897.400	-48803	-35867
4897.500	-52032	-37483
4897.600	-55094	-39245
4897.700	-55889	-40909
4897.800	-56559	-42474
4897.900	-55797	-43807
4898.000	-56938	-45120
4898.100	-58992	-46507
4898.200	-60740	-47930
4898.300	-68283	-49966
4898.400	-69396	-51909
4898.500	-73772	-54095
4898.600	-76616	-56347
4898.700	-77586	-58471
4898.800	-82720	-60896
4898.900	-83305	-63137
4899.000	-81724	-64996
4899.100	-59171	-64413
4899.200	-50773	-63050
4899.300	-45430	-61288
4899.400	-44943	-59654
4899.500	-45406	-58230
4899.600	-45765	-56984
4899.700	-45932	-55879
4899.800	-46610	-54952
4899.900	-46633	-54121
4900.000	-46638	-53373
4900.100	-46747	-52711
4900.200	-46663	-52107
4900.300	-46564	-51553
4900.400	-46495	-51048
4900.500	-46337	-50577
4900.600	-45850	-50104
4900.700	-45822	-49677
4900.800	-45537	-49263
4900.900	-45336	-48871
4901.000	-45468	-48531
4901.100	-45457	-48224
4901.200	-45235	-47926
4901.300	-45449	-47678
4901.400	-45768	-47487
4901.500	-45809	-47319
4901.600	-46075	-47195
4901.700	-46063	-47082
4901.800	-46058	-46980
4901.900	-46215	-46904
4902.000	-46275	-46842
4902.100	-46115	-46770
4902.200	-46293	-46723
4902.300	-46056	-46657
4902.400	-45599	-46551
4902.500	-45505	-46447
4902.600	-45509	-46353
4902.700	-45800	-46298
4902.800	-45624	-46231
4902.900	-45769	-46185
4903.000	-45534	-46120
4903.100	-45525	-46061
4903.200	-45475	-46003
4903.300	-45559	-45959
4903.400	-45675	-45931
4903.500	-45646	-45903
4903.600	-45310	-45844
4903.700	-45661	-45826
4903.800	-45913	-45835
4903.900	-45918	-45843
4904.000	-45967	-45856
4904.100	-46010	-45871
4904.200	-46018	-45886
4904.300	-46026	-45900
4904.400	-45743	-45885
4904.500	-45590	-45855
4904.600	-45682	-45837
4904.700	-45454	-45799
4904.800	-45245	-45744
4904.900	-45040	-45674
4905.000	-45187	-45626
4905.100	-45100	-45573
4905.200	-44790	-45495
4905.300	-43305	-45276
4905.400	-40204	-44769
4905.500	-35888	-43881
4905.600	-30616	-42555
4905.700	-24550	-40754
4905.800	-17174	-38397
4905.900	-6439	-35201
4906.000	-1895	-31871
4906.100	-319	-28716
4906.200	4097	-25435
4906.300	10172	-21874
4906.400	16997	-17988
4906.500	24823	-13707
4906.600	30137	-9323
4906.700	34226	-4969
4906.800	34629	-1009
4906.900	34089	2501
4907.000	34378	5689
4907.100	35341	8654
4907.200	37521	11541
4907.300	38838	14271
4907.400	42060	17050
4907.500	43391	19684
4907.600	44680	22184
4907.700	46490	24615
4907.800	47997	26953
4907.900	48030	29061
4908.000	49416	31096
4908.100	52182	33204
4908.200	52317	35115
4908.300	53410	36945
4908.400	54475	38698
4908.500	55329	40361
4908.600	56927	42017
4908.700	57662	43581
4908.800	57486	44971
4908.900	58067	46280
4909.000	60163	47668
4909.100	62983	49199
4909.200	65750	50854
4909.300	66590	52428
4909.400	66908	53875
4909.500	68773	55365
4909.600	69795	56808
4909.700	70107	58137
4909.800	70807	59403
4909.900	69717	60434
4910.000	69740	61365
4910.100	70513	62280
4910.200	70483	63100
4910.300	72938	64083
4910.400	75384	65213
4910.500	76477	66339
4910.600	79364	67641
4910.700	79863	68863
4910.800	80386	70015
4910.900	80586	71072
4911.000	79028	71867
4911.100	78440	72524
4911.200	77234	72995
4911.300	76263	73322
4911.400	76233	73613
4911.500	75858	73837
4911.600	75217	73974
4911.700	75044	74081
4911.800	74564	74129
4911.900	73992	74115
4912.000	73531	74057
4912.100	73449	73996
4912.200	73417	73937
4912.300	70901	73633
4912.400	37911	70061
4912.500	4271	63482
4912.600	987	57232
4912.700	122	51521
4912.800	-1327	46236
4912.900	-1190	41493
4913.000	-467	37297
4913.100	468	33613
4913.200	1067	30358
4913.300	1088	27431
4913.400	586	24746
4913.500	-1119	22159
4913.600	-1409	19802
4913.700	-987	17723
4913.800	-95	15941
4913.900	826	14429
4914.000	1212	13107
4914.100	920	11888
4914.200	56	10704
4914.300	-1404	9493
4914.400	-1227	8421
4914.500	-484	7530
4914.600	515	6828
4914.700	1084	6253
4914.800	1068	5735
4914.900	508	5213
4915.000	-1195	4572
4915.100	-1412	3973
4915.200	-959	3480
4915.300	-50	3127
4915.400	763	2890
