4627.300	-4364	-6774
4627.400	-6472	-6744
4627.500	-8216	-6891
4627.600	-9298	-7132
4627.700	-9107	-7329
4627.800	-7755	-7372
4627.900	-5903	-7225
4628.000	-4590	-6962
4628.100	-5627	-6828
4628.200	-7311	-6877
4628.300	-8825	-7072
4628.400	-9317	-7296
4628.500	-8473	-7414
4628.600	-6761	-7349
4628.700	-5157	-7130
4628.800	-4455	-6863
4628.900	-6534	-6830
4629.000	-8161	-6964
4629.100	-9077	-7175
4629.200	-8839	-7342
4629.300	-7555	-7363
4629.400	-5923	-7219
4629.500	-4752	-6973
4629.600	-5762	-6852
4629.700	-7371	-6904
4629.800	-8707	-7084
4629.900	-9108	-7286
4630.000	-8369	-7394
4630.100	-6804	-7335
4630.200	-5285	-7130
4630.300	-4630	-6881
4630.400	-6576	-6851
4630.500	-8146	-6981
4630.600	-9074	-7191
4630.700	-8848	-7357
4630.800	-7608	-7382
4630.900	-5967	-7240
4631.000	-4821	-6999
4631.100	-4787	-6778
4631.200	-7425	-6843
4631.300	-8692	-7028
4631.400	-8933	-7219
4631.500	-8137	-7311
4631.600	-6260	-7207
4631.700	3588	-6128
4631.800	19158	-3600
4631.900	14272	-1813
4632.000	10117	-620
4632.100	11660	607
4632.200	16157	2162
4632.300	18504	3796
4632.400	10442	4461
4632.500	1373	4152
4632.600	-3781	3358
4632.700	-21161	906
4632.800	-21036	-1288
4632.900	-23140	-3474
4633.000	-24232	-5550
4633.100	-25579	-7554
4633.200	-27984	-9597
4633.300	-28798	-11517
4633.400	-28705	-13236
4633.500	-27457	-14658
4633.600	-30406	-16233
4633.700	-36573	-18267
4633.800	-40763	-20517
4633.900	-44732	-22939
4634.000	-46765	-25322
4634.100	-47176	-27507
4634.200	-44114	-29168
4634.300	-43635	-30615
4634.400	-44881	-32042
4634.500	-45718	-33409
4634.600	-45985	-34667
4634.700	-47296	-35930
4634.800	-46675	-37005
4634.900	-45136	-37818
4635.000	-52780	-39315
4635.100	-55916	-40975
4635.200	-58474	-42725
4635.300	-59463	-44399
4635.400	-61664	-46126
4635.500	-64027	-47916
4635.600	-63205	-49445
4635.700	-63187	-50819
4635.800	-63422	-52080
4635.900	-63211	-53194
4636.000	-65239	-54398
4636.100	-64571	-55416
4636.200	-63052	-56180
4636.300	-66905	-57253
4636.400	-71883	-58716
4636.500	-88088	-61653
4636.600	-98503	-65338
4636.700	-106126	-69417
4636.800	-111385	-73614
4636.900	-115079	-77760
4637.000	-117688	-81753
4637.100	-118460	-85424
4637.200	-119796	-88861
4637.300	-121667	-92142
4637.400	-124183	-95346
4637.500	-124085	-98220
4637.600	-124376	-100836
4637.700	-127201	-103473
4637.800	-129061	-106032
4637.900	-129683	-108397
4638.000	-132367	-110794
4638.100	-132363	-112951
4638.200	-132828	-114939
4638.300	-133277	-116773
4638.400	-133075	-118403
4638.500	-132821	-119845
4638.600	-133362	-121197
4638.700	-133476	-122425
4638.800	-133174	-123500
4638.900	-133448	-124495
4639.000	-133125	-125358
4639.100	-132465	-126069
4639.200	-127909	-126254
4639.300	-101623	-123791
4639.400	-71994	-118612
4639.500	-52888	-112039
4639.600	-53510	-106187
4639.700	-53799	-100948
4639.800	-53847	-96238
4639.900	-54268	-92041
4640.000	-54452	-88283
4640.100	-54203	-84875
4640.200	-54059	-81794
4640.300	-53787	-78993
4640.400	-53334	-76427
4640.500	-53393	-74124
4640.600	-53194	-72031
4640.700	-52645	-70093
4640.800	-52634	-68347
4640.900	-53119	-66824
4641.000	-52404	-65382
4641.100	-52607	-64104
4641.200	-52920	-62986
4641.300	-52781	-61966
4641.400	-52814	-61051
4641.500	-53357	-60282
4641.600	-53189	-59572
4641.700	-52638	-58878
4641.800	-51542	-58145
4641.900	-46314	-56962
4642.000	-37642	-55030
4642.100	-29418	-52469
4642.200	-22524	-49475
4642.300	-15469	-46074
4642.400	-6223	-42089
4642.500	-842	-37965
4642.600	7668	-33402
4642.700	11138	-28948
4642.800	14979	-24556
4642.900	18430	-20258
4643.000	20335	-16199
4643.100	20928	-12487
4643.200	21941	-9044
4643.300	26701	-5470
4643.400	30545	-1869
4643.500	32190	1536
4643.600	34414	4824
4643.700	37982	8140
4643.800	40578	11383
4643.900	41075	14352
4644.000	41133	17030
4644.100	41577	19484
4644.200	42278	21763
4644.300	43423	23929
4644.400	44229	25958
4644.500	44228	27785
4644.600	44223	29429
4644.700	45703	31056
4644.800	52791	33230
4644.900	55439	35450
4645.000	56341	37538
4645.100	57462	39531
4645.200	58851	41462
4645.300	59361	43252
4645.400	60179	44944
4645.500	61299	46579
4645.600	63307	48251
4645.700	62942	49720
4645.800	62867	51034
4645.900	63616	52292
4646.000	64772	53540
4646.100	66306	54816
4646.200	68543	56189
4646.300	70271	57596
4646.400	74553	59292
4646.500	76202	60983
4646.600	76106	62495
4646.700	75153	63761
4646.800	74163	64801
4646.900	73843	65705
4647.000	73797	66514
4647.100	73684	67231
4647.200	72978	67805
4647.300	71835	68208
4647.400	71034	68491
4647.500	70484	68690
4647.600	69626	68783
4647.700	69042	68809
4647.800	68542	68782
4647.900	68034	68707
4648.000	67593	68596
4648.100	67260	68462
4648.200	67120	68327
4648.300	67127	68207
4648.400	67316	68118
4648.500	67656	68072
4648.600	66885	67953
4648.700	66668	67824
4648.800	66618	67703
4648.900	66395	67572
4649.000	66323	67447
4649.100	66563	67359
4649.200	66326	67255
4649.300	65679	67097
4649.400	65168	66904
4649.500	64958	66709
4649.600	65103	66548
4649.700	65382	66432
4649.800	65257	66314
4649.900	64837	66166
4650.000	64631	66012
4650.100	64499	65860
4650.200	64099	65683
4650.300	64305	65545
4650.400	64037	65394
4650.500	63516	65206
4650.600	63299	65015
4650.700	62150	64728
4650.800	40184	62274
4650.900	-9471	55099
4651.000	-9627	48626
4651.100	-8687	42895
4651.200	-7266	37879
4651.300	-6124	33478
4651.400	-5797	29551
4651.500	-6431	25952
4651.600	-7783	22578
4651.700	-9739	19346
4651.800	-9292	16482
4651.900	-8011	14032
4652.000	-6613	11967
4652.100	-5823	10188
4652.200	-6032	8566
4652.300	-15693	-1569
4652.400	-16507	-1651
4652.500	-16512	-3137
