5002.600	-21807	-21806
5002.700	-22926	-21918
5002.800	-23546	-22081
5002.900	-23333	-22207
5003.000	-21264	-22113
5003.100	-20494	-21952
5003.200	-20574	-21815
5003.300	-21284	-21762
5003.400	-22378	-21824
5003.500	-23300	-21971
5003.600	-23453	-22120
5003.700	-22847	-22193
5003.800	-20775	-22052
5003.900	-20352	-21883
5004.000	-20822	-21778
5004.100	-21832	-21784
5004.200	-22876	-21893
5004.300	-23451	-22050
5004.400	-23197	-22165
5004.500	-21017	-22050
5004.600	-20413	-21887
5004.700	-20510	-21749
5004.800	-21329	-21707
5004.900	-22412	-21778
5005.000	-23146	-21915
5005.100	-23262	-22050
5005.200	-22681	-22114
5005.300	-20624	-21965
5005.400	-20377	-21806
5005.500	-20842	-21710
5005.600	-20188	-21558
5005.700	-11314	-20534
5005.800	-3441	-18824
5005.900	-1504	-17092
5006.000	290	-15354
5006.100	-1956	-14014
5006.200	-3979	-13010
5006.300	-9048	-12614
5006.400	-11525	-12505
5006.500	-13914	-12646
5006.600	-16883	-13070
5006.700	-22248	-13988
5006.800	-33852	-15975
5006.900	-37661	-18144
5007.000	-40421	-20372
5007.100	-43176	-22653
5007.200	-44931	-24882
5007.300	-44396	-26834
5007.400	-44355	-28586
5007.500	-45421	-30270
5007.600	-46710	-31914
5007.700	-47624	-33485
5007.800	-47806	-34917
5007.900	-47529	-36178
5008.000	-49651	-37526
5008.100	-54277	-39201
5008.200	-57343	-41016
5008.300	-59490	-42863
5008.400	-58361	-44414
5008.500	-59919	-45964
5008.600	-61583	-47526
5008.700	-61325	-48906
5008.800	-61253	-50141
5008.900	-62603	-51388
5009.000	-63696	-52619
5009.100	-64938	-53851
5009.200	-64172	-54884
5009.300	-65070	-55902
5009.400	-67397	-57052
5009.500	-70237	-58371
5009.600	-74206	-59955
5009.700	-76837	-61643
5009.800	-80963	-63576
5009.900	-82305	-65449
5010.000	-83007	-67205
5010.100	-83079	-68792
5010.200	-83208	-70234
5010.300	-84407	-71651
5010.400	-86436	-73130
5010.500	-89651	-74782
5010.600	-97711	-77076
5010.700	-101254	-79494
5010.800	-105772	-82122
5010.900	-109899	-84900
5011.000	-117580	-88168
5011.100	-126932	-92045
5011.200	-131423	-95983
5011.300	-134159	-99801
5011.400	-139521	-103774
5011.500	-140478	-107444
5011.600	-142241	-110924
5011.700	-143252	-114157
5011.800	-144303	-117172
5011.900	-145633	-120019
5012.000	-146625	-122680
5012.100	-147408	-125153
5012.200	-147761	-127414
5012.300	-148151	-129488
5012.400	-148453	-131385
5012.500	-148848	-133131
5012.600	-149117	-134730
5012.700	-148832	-136141
5012.800	-147944	-137322
5012.900	-148777	-138468
5013.000	-141946	-138816
5013.100	-104986	-135433
5013.200	-72971	-129188
5013.300	-67445	-123014
5013.400	-67605	-117473
5013.500	-67438	-112470
5013.600	-67600	-107983
5013.700	-67526	-103938
5013.800	-67594	-100304
5013.900	-67757	-97049
5014.000	-67967	-94141
5014.100	-68032	-91531
5014.200	-68125	-89191
5014.300	-68312	-87104
5014.400	-68297	-85223
5014.500	-68380	-83539
5014.600	-68365	-82022
5014.700	-68109	-80631
5014.800	-68113	-79380
5014.900	-68130	-78255
5015.000	-67915	-77221
5015.100	-67872	-76287
5015.200	-67730	-75431
5015.300	-67438	-74632
5015.400	-67712	-73941
5015.500	-67698	-73317
5015.600	-67752	-72761
5015.700	-65969	-72082
5015.800	-60483	-70923
5015.900	-54648	-69296
5016.000	-45437	-66910
5016.100	-40089	-64228
5016.200	-33377	-61143
5016.300	-24761	-57506
5016.400	-21230	-53878
5016.500	-16911	-50182
5016.600	-11526	-46317
5016.700	-4915	-42177
5016.800	3156	-37644
5016.900	9810	-32898
5017.000	12157	-28393
5017.100	13580	-24196
5017.200	14587	-20318
5017.300	13434	-16943
5017.400	16252	-13624
5017.500	17138	-10548
5017.600	19164	-7577
5017.700	21125	-4707
5017.800	21234	-2113
5017.900	21180	216
5018.000	22471	2442
5018.100	23589	4556
5018.200	26231	6724
5018.300	28466	8898
5018.400	29535	10961
5018.500	32649	13130
5018.600	35273	15344
5018.700	35565	17366
5018.800	36074	19237
5018.900	36965	21009
5019.000	38404	22748
5019.100	39740	24447
5019.200	40234	26025
5019.300	41627	27585
5019.400	43618	29188
5019.500	45913	30860
5019.600	47981	32572
5019.700	50861	34401
5019.800	52058	36166
5019.900	53132	37863
5020.000	54361	39513
5020.100	54938	41055
5020.200	55460	42496
5020.300	57089	43956
5020.400	57887	45349
5020.500	59333	46747
5020.600	57916	47863
5020.700	56864	48763
5020.800	57938	49680
5020.900	59072	50619
5021.000	58539	51410
5021.100	57870	52056
5021.200	55437	52394
5021.300	54851	52640
5021.400	54656	52841
5021.500	54417	52998
5021.600	54081	53106
5021.700	53312	53127
5021.800	52602	53074
5021.900	52289	52996
5022.000	52476	52944
5022.100	52528	52902
5022.200	52451	52857
5022.300	52368	52807
5022.400	52277	52753
5022.500	52144	52692
5022.600	46196	52042
5022.700	5651	47403
5022.800	-23484	40314
5022.900	-23679	33915
5023.000	-23275	28196
5023.100	-22420	23135
5023.200	-21614	18660
5023.300	-21266	14667
5023.400	-21604	11039
5023.500	-23196	7615
5023.600	-23720	4482
5023.700	-23620	1672
5023.800	-24623	-2462
5023.900	-21264	-2127
5024.000	-20703	-3985
5024.100	-20617	-5648
5024.200	-21141	-7198
5024.300	-22741	-8752
5024.400	-22954	-10173
5024.500	-22487	-11405
5024.600	-21689	-12433
5024.700	-20938	-13284
5024.800	-20605	-14016
5024.900	-20922	-14707
5025.000	-22506	-15487
5025.100	-22946	-16233
5025.200	-22815	-16892
5025.300	-22180	-17421
5025.400	-21342	-17814
5025.500	-20765	-18109
5025.600	-20792	-18378
5025.700	-21361	-18676
5025.800	-22722	-19081
5025.900	-22831	-19456
5026.000	-22408	-19751
5026.100	-21642	-19941
5026.200	-20887	-20036
5026.300	-20610	-20093
