5225.200	-238	957
5225.300	369	898
5225.400	2167	1025
5225.500	2331	1155
5225.600	1884	1227
5225.700	1033	1207
5225.800	185	1104
5225.900	-172	976
5226.000	44	882
5226.100	887	883
5226.200	2262	1021
5226.300	2116	1131
5226.400	1440	1162
5226.500	544	1100
5226.600	-30	987
5226.700	-58	882
5226.800	472	841
5226.900	2030	960
5227.000	2293	1093
5227.100	1855	1169
5227.200	986	1151
5227.300	151	1051
5227.400	-1138	-114
5227.500	-634	-64
5227.600	160	-41
5227.700	1289	92
5227.800	1068	189
5227.900	380	208
5228.000	-421	144
5228.100	-946	35
5228.200	-865	-55
5228.300	-316	-81
5228.400	1167	43
5228.500	1201	159
5228.600	723	215
5228.700	0	194
5228.800	-732	101
5228.900	-938	-3
5229.000	-530	-56
5229.100	258	-25
5229.200	1258	103
5229.300	964	189
5229.400	230	193
5229.500	-562	117
5229.600	-1009	4
5229.700	-843	-81
5229.800	-185	-92
5229.900	611	-22
5230.000	1130	93
5230.100	596	143
5230.200	-143	114
5230.300	-718	31
5230.400	-887	-61
5230.500	-376	-93
5230.600	4403	356
5230.700	24619	2782
5230.800	20048	4508
5230.900	15902	5647
5231.000	17603	6842
5231.100	21672	8325
5231.200	22028	9695
5231.300	19819	10708
5231.400	15665	11203
5231.500	11131	11196
5231.600	11427	11219
5231.700	11861	11283
5231.800	12822	11437
5231.900	12945	11587
5232.000	10970	11525
5232.100	9014	11274
5232.200	-465	10100
5232.300	-3596	8730
5232.400	-7490	7108
5232.500	-8578	5539
5232.600	-10213	3963
5232.700	-12848	2282
5232.800	-14197	634
5232.900	-16738	-1103
5233.000	-19720	-2965
5233.100	-20689	-4737
5233.200	-22233	-6487
5233.300	-21628	-8001
5233.400	-21870	-9388
5233.500	-22727	-10722
5233.600	-22293	-11880
5233.700	-23794	-13072
5233.800	-24218	-14187
5233.900	-23668	-15135
5234.000	-23708	-15992
5234.100	-23486	-16742
5234.200	-24047	-17473
5234.300	-25368	-18263
5234.400	-25300	-18967
5234.500	-27293	-19800
5234.600	-28010	-20621
5234.700	-29112	-21471
5234.800	-30460	-22370
5234.900	-31359	-23269
5235.000	-32351	-24178
5235.100	-33131	-25074
5235.200	-34234	-25990
5235.300	-36337	-27025
5235.400	-35687	-27891
5235.500	-34828	-28585
5235.600	-36148	-29341
5235.700	-36927	-30100
5235.800	-37038	-30794
5235.900	-38464	-31561
5236.000	-37550	-32160
5236.100	-38630	-32807
5236.200	-39343	-33461
5236.300	-39378	-34053
5236.400	-41507	-34799
5236.500	-42611	-35580
5236.600	-43425	-36365
5236.700	-45861	-37314
5236.800	-45977	-38180
5236.900	-46727	-39035
5237.000	-46711	-39802
5237.100	-46665	-40489
5237.200	-47146	-41155
5237.300	-46038	-41643
5237.400	-45425	-42022
5237.500	-47056	-42526
5237.600	-47765	-43050
5237.700	-48159	-43561
5237.800	-48448	-44050
5237.900	-47973	-44443
5238.000	-48141	-44814
5238.100	-48688	-45201
5238.200	-47996	-45481
5238.300	-51332	-46067
5238.400	-52142	-46675
5238.500	-55460	-47553
5238.600	-56523	-48451
5238.700	-58303	-49437
5238.800	-60813	-50575
5238.900	-60441	-51562
5239.000	-62214	-52628
5239.100	-65337	-53899
5239.200	-67189	-55228
5239.300	-70111	-56716
5239.400	-73621	-58406
5239.500	-77792	-60345
5239.600	-81199	-62430
5239.700	-84836	-64671
5239.800	-90344	-67239
5239.900	-92660	-69781
5240.000	-95069	-72310
5240.100	-97096	-74789
5240.200	-99972	-77308
5240.300	-101351	-79712
5240.400	-102694	-82011
5240.500	-104626	-84273
5240.600	-106288	-86475
5240.700	-108192	-88647
5240.800	-110047	-90787
5240.900	-111355	-92844
5241.000	-113492	-94909
5241.100	-114221	-96840
5241.200	-114312	-98588
5241.300	-116444	-100374
5241.400	-117060	-102042
5241.500	-117705	-103609
5241.600	-118651	-105114
5241.700	-119614	-106564
5241.800	-120499	-107957
5241.900	-121659	-109327
5242.000	-122908	-110685
5242.100	-125098	-112126
5242.200	-125767	-113490
5242.300	-126222	-114764
5242.400	-126292	-115917
5242.500	-126169	-116942
5242.600	-126771	-117926
5242.700	-127031	-118836
5242.800	-127007	-119653
5242.900	-127199	-120408
5243.000	-127038	-121071
5243.100	-127153	-121680
5243.200	-127290	-122241
5243.300	-127209	-122738
5243.400	-127228	-123187
5243.500	-127341	-123602
5243.600	-127471	-123990
5243.700	-127575	-124349
5243.800	-127450	-124659
5243.900	-127421	-124936
5244.000	-127542	-125197
5244.100	-120955	-124773
5244.200	-78531	-120150
5244.300	-47598	-112895
5244.400	-46278	-106233
5244.500	-45779	-100188
5244.600	-45539	-94723
5244.700	-45438	-89795
5244.800	-44972	-85313
5244.900	-44623	-81245
5245.000	-44769	-77597
5245.100	-44293	-74267
5245.200	-44511	-71292
5245.300	-44735	-68637
5245.400	-44832	-66257
5245.500	-44991	-64130
5245.600	-45306	-62248
5245.700	-45500	-60573
5245.800	-45565	-59073
5245.900	-45920	-57758
5246.000	-45882	-56571
5246.100	-45840	-55498
5246.200	-45903	-54539
5246.300	-45871	-53672
5246.400	-45635	-52869
5246.500	-45692	-52152
5246.600	-45205	-51458
5246.700	-45149	-50827
5246.800	-45557	-50300
5246.900	-45329	-49803
5247.000	-45184	-49342
5247.100	-45545	-48963
5247.200	-45590	-48626
5247.300	-45328	-48296
5247.400	-45772	-48044
5247.500	-45440	-47783
5247.600	-45336	-47539
5247.700	-45691	-47354
5247.800	-45533	-47172
5247.900	-45275	-46983
5248.000	-45633	-46849
5248.100	-45777	-46742
5248.200	-45476	-46616
5248.300	-45745	-46529
5248.400	-45635	-46440
5248.500	-45364	-46333
5248.600	-45476	-46248
5248.700	-45582	-46182
5248.800	-45203	-46085
5248.900	-45512	-46028
5249.000	-44832	-45909
5249.100	-43136	-45632
5249.200	-40653	-45135
5249.300	-37479	-44369
5249.400	-34360	-43368
5249.500	-26970	-41728
5249.600	-21327	-39688
5249.700	-8703	-36590
5249.800	-2389	-33170
5249.900	681	-29785
5250.000	5885	-26218
5250.100	11634	-22433
5250.200	13637	-18827
5250.300	16623	-15282
5250.400	24605	-11294
5250.500	26335	-7531
5250.600	29144	-3864
5250.700	29779	-500
5250.800	31855	2735
5250.900	35143	5976
5251.000	37179	9096
5251.100	38229	12010
5251.200	40824	14891
5251.300	42546	17656
5251.400	44137	20304
5251.500	45810	22855
5251.600	46385	25208
5251.700	46242	27311
5251.800	46805	29260
5251.900	47832	31117
5252.000	48620	32867
5252.100	48913	34471
5252.200	49076	35931
5252.300	49791	37317
5252.400	50130	38598
5252.500	49687	39706
5252.600	50735	40809
5252.700	49895	41717
5252.800	51691	42714
5252.900	52976	43740
5253.000	53125	44678
5253.100	56514	45861
5253.200	59299	47204
5253.300	59996	48483
5253.400	61352	49770
5253.500	61427	50935
5253.600	63011	52143
5253.700	65575	53486
5253.800	66541	54792
5253.900	68421	56155
5254.000	70373	57577
5254.100	70165	58835
5254.200	71399	60092
5254.300	71778	61260
5254.400	71356	62269
5254.500	72059	63248
5254.600	72625	64185
5254.700	72086	64975
5254.800	73094	65787
5254.900	74540	66662
5255.000	75485	67544
5255.100	76139	68404
5255.200	76623	69226
5255.300	77754	70079
5255.400	79393	71010
5255.500	81343	72043
5255.600	82874	73126
5255.700	83692	74183
5255.800	83089	75074
5255.900	83042	75871
5256.000	83165	76600
5256.100	82954	77235
5256.200	82791	77791
5256.300	82388	78250
5256.400	81650	78590
5256.500	81140	78845
5256.600	81148	79075
5256.700	80526	79220
5256.800	79392	79237
5256.900	79083	79221
5257.000	78639	79162
5257.100	78199	79066
5257.200	78648	79024
5257.300	78337	78955
5257.400	77561	78816
5257.500	76519	78586
5257.600	75730	78301
5257.700	75530	78024
5257.800	75968	77818
5257.900	76453	77681
5258.000	76209	77534
5258.100	75664	77347
5258.200	75074	77119
5258.300	74982	76905
5258.400	75568	76771
5258.500	76056	76699
5258.600	76096	76638
5258.700	75623	76536
5258.800	74542	76337
5258.900	74726	76175
5259.000	66683	75226
5259.100	23224	70026
5259.200	-7	63023
5259.300	-1522	56568
5259.400	-1441	50766
5259.500	-424	45647
5259.600	1941	41276
5259.700	2077	37356
5259.800	1256	33746
5259.900	-115	30360
5260.000	-1327	27191
5260.100	-1748	24297
5260.200	-1162	21750
5260.300	1427	19717
5260.400	1985	17943
5260.500	1597	16308
5260.600	402	14717
5260.700	-907	13154
5260.800	-1652	11673
5260.900	-1491	10356
5261.000	-452	9275
5261.100	1846	8532
5261.200	1838	7862
5261.300	945	7170
5261.400	-289	6424
5261.500	-1390	5643
5261.600	-1655	4913
5261.700	-944	4327
5261.800	1446	4038
5261.900	1958	3829
